225 106 315 99 221 162 342 165 227 149 350 196 255 223 308 219 267 276 326 253 267 350 319 332 
225 106 314 99 221 164 341 162 230 147 350 181 256 226 310 221 271 278 324 263 274 351 318 343 
225 107 313 103 222 167 341 161 230 145 350 171 258 229 312 224 273 278 320 264 275 350 317 342 
225 107 311 101 222 167 341 156 230 145 349 163 258 229 312 224 274 275 320 264 275 348 317 341 
224 107 311 101 222 167 341 154 230 146 349 163 258 230 312 225 274 275 320 263 276 348 317 342 
227 106 311 101 226 168 336 158 232 174 350 194 258 229 312 224 275 274 321 262 275 346 317 342 
227 106 310 101 226 168 334 159 234 177 350 195 258 229 311 224 275 274 322 262 277 346 317 341 
227 106 310 101 226 168 334 160 234 178 350 195 258 229 311 223 275 274 322 262 278 346 317 341 
227 106 310 101 226 168 334 161 244 179 350 200 258 229 311 223 275 274 323 262 278 346 318 340 
227 106 311 101 226 168 334 163 245 180 351 202 258 229 311 223 275 275 322 262 279 347 318 342 
227 106 310 101 227 168 334 164 249 178 351 202 258 229 311 223 275 275 322 263 279 347 318 343 
227 105 310 100 226 167 334 164 247 179 351 200 258 228 311 222 275 275 322 263 278 347 318 343 
227 105 310 99 224 168 334 160 240 178 348 189 258 228 311 221 275 274 322 263 278 347 318 343 
227 104 310 99 223 168 335 159 237 178 345 185 258 228 311 221 274 274 322 263 278 347 318 343 
227 104 310 98 222 168 335 158 234 179 345 185 258 228 311 221 274 274 322 263 278 347 318 342 
227 103 310 98 222 168 335 157 233 181 344 182 258 228 311 221 274 274 322 263 278 347 318 342 
227 103 310 98 222 168 335 155 232 182 344 176 258 227 311 221 273 274 322 263 278 347 318 342 
227 103 310 98 221 168 335 154 232 183 343 172 257 227 311 221 273 274 323 262 278 347 318 341 
227 103 309 97 221 168 335 150 231 182 340 164 257 227 311 220 273 274 323 262 273 344 318 341 
227 103 309 95 221 168 335 146 231 182 339 159 257 226 311 219 273 273 322 262 274 344 318 341 
227 103 309 95 221 168 336 145 230 182 339 156 257 226 311 219 273 273 322 262 275 344 318 340 
227 103 309 95 221 168 336 145 230 180 337 154 257 226 311 219 273 272 322 262 275 344 318 340 
227 103 309 94 221 168 336 145 230 179 337 154 257 226 311 219 273 272 322 262 272 343 318 340 
227 103 309 94 221 169 336 142 230 179 337 147 257 225 311 219 273 272 322 262 273 343 317 340 
227 103 309 94 223 170 336 149 230 180 337 161 257 226 311 219 273 272 321 265 272 345 317 343 
227 103 309 94 223 170 336 153 231 180 337 167 257 226 311 220 273 274 321 267 271 346 317 345 
227 103 309 94 224 171 336 153 231 180 336 159 257 225 311 219 273 274 320 267 270 347 317 346 
227 103 309 94 224 171 336 152 232 180 335 155 257 225 311 219 273 274 319 268 270 347 317 346 
227 103 312 95 224 171 336 152 232 180 335 154 257 225 311 219 273 274 319 268 270 347 317 346 
227 103 314 96 224 171 336 152 232 179 335 155 257 225 311 219 272 274 319 268 271 347 317 346 
227 103 314 96 224 171 336 151 232 179 335 152 257 225 312 219 272 273 318 268 271 347 317 346 
227 103 314 96 223 171 336 150 232 179 335 153 257 225 312 219 272 273 318 268 272 347 317 346 
227 103 314 96 223 171 336 149 232 179 335 153 257 225 312 219 272 272 318 267 272 347 317 346 
227 103 313 96 222 171 336 148 232 178 335 151 257 225 311 219 272 272 318 267 272 346 316 346 
227 103 310 94 223 171 335 146 232 178 333 149 257 224 311 217 272 272 317 267 274 346 316 346 
227 103 309 94 224 171 332 148 234 178 333 160 258 224 311 217 272 271 316 267 276 346 315 346 
227 102 307 92 224 169 332 145 233 181 333 155 258 223 310 217 272 271 316 267 277 346 315 346 
227 101 307 92 226 167 333 148 231 182 343 171 258 223 310 217 272 271 316 267 277 346 314 346 
227 101 307 93 227 167 334 150 231 182 345 170 258 223 310 217 272 271 316 267 277 346 314 346 
228 101 308 93 228 168 334 151 231 182 346 169 258 223 310 217 272 271 316 267 277 346 314 346 
228 101 308 93 229 168 335 152 232 182 347 170 258 223 310 217 272 271 316 267 277 346 314 346 
228 101 308 94 229 169 335 153 232 182 347 169 258 223 310 217 272 272 316 267 278 346 314 346 
229 101 309 94 229 170 335 153 232 182 347 169 259 223 310 217 272 272 316 267 279 346 314 346 
229 102 310 95 229 171 336 152 232 182 348 168 259 224 310 218 272 272 316 265 279 346 314 345 
229 102 313 96 229 172 337 149 233 179 345 147 259 225 311 219 272 271 316 264 280 346 314 343 
229 102 313 95 229 173 337 147 233 173 341 139 259 225 311 219 272 271 316 264 280 346 314 342 
229 102 315 95 229 175 337 146 234 171 337 133 259 225 311 219 272 271 316 263 280 345 314 342 
229 102 315 96 228 175 338 146 234 170 338 139 259 225 311 220 272 271 316 263 280 345 314 341 
229 102 314 96 228 176 338 146 234 171 338 129 259 226 311 220 272 273 317 264 280 347 314 343 
229 103 314 96 227 176 339 146 234 172 338 135 259 227 311 221 272 274 318 265 280 347 315 344 
229 103 314 96 227 176 339 145 234 175 339 130 259 228 311 222 272 274 318 265 279 347 315 345 
229 103 313 97 228 174 339 145 233 180 341 130 258 228 311 222 272 275 319 265 278 347 315 345 
228 103 313 97 228 173 339 148 233 183 344 158 258 228 311 223 272 275 319 264 278 347 315 343 
228 103 314 97 227 172 340 149 233 186 345 166 258 228 311 223 272 274 320 264 278 347 316 342 
228 103 314 97 227 171 340 149 232 185 345 164 258 228 311 223 272 273 320 262 277 346 316 342 
228 103 315 97 226 171 340 148 232 185 344 163 258 227 311 223 271 272 320 262 273 342 316 341 
228 103 315 97 226 171 340 148 232 184 343 163 258 227 311 223 271 272 320 262 272 342 316 341 
228 103 316 97 226 171 340 149 232 184 343 166 258 227 311 223 271 272 320 262 272 342 316 341 
228 103 316 97 226 171 339 149 234 184 341 164 258 227 311 223 271 272 320 262 272 342 316 341 
228 103 315 97 226 171 338 149 234 184 340 162 258 227 311 223 271 271 320 261 272 342 316 341 
228 103 315 97 223 171 339 147 235 180 336 149 258 227 311 223 271 272 320 262 274 342 316 342 
228 102 315 97 223 171 339 148 235 178 335 150 258 227 311 223 271 272 320 262 276 344 316 342 
228 102 315 97 221 171 339 148 235 177 334 142 258 227 311 223 271 272 319 262 274 343 316 342 
228 102 315 97 221 171 340 147 235 174 335 137 258 227 311 223 271 272 319 263 273 343 315 342 
228 102 315 97 221 171 340 150 235 174 335 139 258 227 311 223 271 272 320 263 273 343 315 342 
228 102 315 97 220 172 340 150 235 175 336 141 258 227 311 223 271 272 320 263 273 343 315 342 
228 102 315 97 220 172 341 149 236 172 336 138 258 228 311 223 271 272 320 263 273 343 315 343 
228 102 315 97 220 174 339 152 236 171 337 136 258 228 311 223 271 272 320 263 272 343 315 343 
228 102 315 97 220 174 339 153 236 170 337 133 258 228 311 223 271 272 320 263 272 343 315 343 
228 103 315 97 221 177 338 153 240 166 338 130 258 228 311 223 271 272 320 263 272 343 315 343 
228 103 315 97 221 177 338 154 239 167 338 130 258 228 311 223 271 272 321 263 272 343 315 343 
228 103 316 97 221 178 338 154 241 168 338 131 258 228 311 223 271 272 321 263 272 343 315 343 
227 103 314 97 221 178 335 154 240 172 337 132 258 228 311 223 271 271 319 263 272 343 315 343 
227 103 313 97 221 177 334 152 239 174 336 131 258 228 310 223 271 271 318 263 272 343 315 343 
228 103 313 97 222 176 334 152 239 175 336 130 258 227 310 223 271 271 318 263 272 343 314 343 
228 103 312 97 223 176 333 151 239 175 335 129 258 227 310 223 271 271 318 265 271 342 314 344 
228 102 312 97 224 176 332 144 239 176 335 129 258 227 310 223 271 272 317 266 271 342 314 344 
229 102 312 97 225 176 333 143 239 176 335 127 258 227 310 222 271 272 317 267 271 342 314 344 
229 102 312 97 226 176 335 144 240 176 335 128 258 227 310 222 271 272 317 267 271 342 314 344 
229 102 312 97 226 176 336 144 239 176 335 135 258 227 310 222 271 272 317 267 271 342 314 344 
229 102 312 97 226 176 335 146 239 176 335 135 258 227 310 222 271 272 317 268 271 343 314 345 
229 102 312 97 225 175 334 148 239 177 335 142 258 227 310 222 271 272 317 268 271 343 314 345 
229 102 312 97 225 175 334 149 238 177 336 141 258 227 310 222 271 272 317 268 271 343 313 345 
229 102 312 97 225 175 334 149 238 177 336 140 258 227 310 222 271 272 317 268 271 343 313 345 
229 102 312 97 225 174 335 150 236 180 339 161 258 227 310 222 271 272 317 268 271 343 314 345 
229 102 312 97 225 172 335 154 235 183 343 168 258 227 310 222 271 273 317 268 272 344 314 345 
229 102 312 97 225 172 335 154 235 183 344 165 258 226 310 222 271 273 317 268 272 344 314 345 
229 102 312 97 225 172 335 153 235 183 343 160 259 226 310 222 271 273 317 268 272 344 314 345 
228 102 312 97 225 173 335 153 235 181 342 149 259 226 311 222 271 273 317 268 272 344 314 345 
228 102 313 97 225 173 335 152 235 181 341 142 259 226 311 222 271 273 317 268 272 344 314 345 
228 102 313 97 225 173 335 152 235 180 340 131 259 226 311 222 271 273 317 268 273 344 314 345 
228 102 313 96 223 173 335 152 235 179 339 127 259 226 311 222 272 274 317 268 273 345 314 344 
228 102 313 96 223 174 334 144 235 179 339 126 259 226 311 222 272 275 317 268 273 345 314 344 
228 102 313 96 223 174 334 146 235 179 339 126 259 226 311 222 272 276 317 268 274 345 314 344 
228 103 313 96 222 175 334 147 235 179 339 127 259 226 311 222 272 276 317 268 274 345 314 344 
228 103 313 96 222 175 334 148 234 179 339 128 259 226 312 222 272 276 317 268 274 345 314 344 
228 103 312 96 221 175 334 149 233 181 341 129 259 226 312 222 272 275 317 266 274 344 314 343 
227 103 312 97 220 177 334 150 233 182 342 146 259 226 312 222 272 274 318 265 274 344 315 343 
227 103 312 97 220 178 334 151 233 182 342 145 259 226 312 222 271 274 318 264 274 344 315 343 
227 103 312 97 220 178 334 151 233 182 342 143 259 226 312 222 271 274 318 264 274 344 315 343 
227 103 312 97 220 178 333 152 233 182 342 139 259 226 312 222 271 273 319 264 274 343 315 343 
227 103 312 97 219 178 333 152 233 182 342 139 259 226 312 222 271 273 319 264 274 343 315 343 
227 103 312 97 219 178 333 152 233 182 343 142 259 226 312 222 271 273 319 264 273 343 315 343 
227 103 312 97 219 178 333 152 233 181 343 141 259 226 312 222 271 273 319 263 273 343 315 343 
227 103 312 97 220 178 333 152 233 181 343 142 259 226 312 222 271 273 319 263 273 343 315 342 
227 103 312 97 220 177 333 152 234 180 342 142 259 226 312 222 271 273 319 263 273 343 315 342 
227 103 312 97 220 177 333 152 234 180 342 142 259 226 312 221 271 273 319 263 273 343 315 342 
227 103 312 97 220 176 336 147 234 180 341 141 259 226 312 221 271 272 318 263 273 343 315 342 
227 103 312 97 223 176 335 155 235 181 345 167 259 226 312 221 272 273 318 265 278 345 315 342 
227 103 312 97 225 176 335 158 236 181 348 175 259 226 312 221 272 273 318 266 278 345 315 342 
227 103 312 97 227 177 335 159 236 181 351 177 259 226 312 220 272 273 318 265 277 345 315 342 
227 103 312 97 228 177 335 159 236 182 353 179 260 226 312 220 272 273 318 265 277 345 315 342 
227 103 312 97 229 177 335 159 237 182 352 176 260 226 312 220 272 273 318 266 277 345 315 343 
227 103 312 97 228 176 335 155 237 182 352 173 260 226 312 220 272 273 318 267 277 345 315 343 
227 103 312 97 228 176 335 154 237 182 351 170 260 226 312 220 273 273 318 267 277 345 316 343 
227 103 312 97 228 177 335 154 237 180 350 169 260 226 312 220 273 273 318 267 276 345 316 343 
227 103 312 97 228 177 335 153 237 180 350 168 260 226 312 220 273 273 318 267 280 346 316 343 
227 103 312 97 228 176 335 153 237 180 350 168 260 226 312 220 273 273 318 267 281 347 316 343 
227 103 312 97 228 176 335 153 237 179 348 165 260 227 312 220 273 273 318 267 280 346 316 343 
227 103 312 97 227 176 335 152 237 178 348 164 260 227 312 220 273 273 318 267 280 346 316 343 
228 103 312 97 223 174 336 152 237 177 348 141 260 226 312 220 273 273 318 267 278 346 316 343 
228 103 312 97 223 174 337 152 237 177 346 136 260 226 312 220 273 273 318 267 277 346 316 343 
228 103 312 97 223 174 338 152 237 177 346 142 260 227 312 221 273 273 318 267 277 345 316 343 
228 103 312 97 224 174 338 152 238 177 343 138 260 227 312 221 273 273 318 267 276 345 316 343 
228 103 312 97 225 175 336 153 239 177 342 139 260 227 312 221 272 273 318 267 276 345 316 343 
228 103 312 97 226 175 336 153 239 177 342 142 260 227 312 221 272 273 318 267 275 344 316 343 
228 103 312 97 226 175 335 153 239 177 341 143 260 227 312 221 272 273 318 267 275 344 316 343 
228 103 312 97 226 175 335 152 239 177 341 143 260 227 312 221 272 272 318 267 275 344 316 343 
228 103 312 97 226 175 334 152 239 177 341 143 260 227 312 221 272 272 318 267 275 344 316 343 
228 103 312 97 227 175 334 152 240 177 341 144 260 227 312 221 272 272 318 266 275 344 316 343 
228 103 312 97 228 175 334 151 240 177 342 154 260 227 312 221 272 272 318 265 275 343 316 343 
228 103 312 97 229 175 334 151 241 177 343 158 260 226 312 221 272 272 318 265 275 343 316 343 
228 103 312 97 229 175 334 151 240 180 346 158 260 226 312 221 272 272 317 265 275 343 316 343 
228 103 312 97 229 176 333 152 240 180 346 158 260 226 312 221 272 272 318 265 274 343 316 343 
228 103 312 97 229 177 333 157 240 181 347 159 259 226 312 221 272 272 318 265 274 343 316 343 
228 103 312 97 230 177 334 159 240 182 347 159 260 226 312 221 273 272 318 266 274 343 316 343 
228 103 312 97 230 178 333 159 240 182 346 155 260 226 312 221 273 272 318 266 275 343 316 344 
228 103 312 97 231 179 334 160 241 179 348 163 260 226 312 221 273 272 318 266 275 343 316 344 
228 103 312 98 231 179 334 158 241 178 348 158 260 226 312 221 273 272 318 266 275 343 316 344 
228 103 312 98 231 179 334 157 241 178 347 150 260 226 312 221 273 272 318 267 275 343 316 343 
228 103 312 98 231 180 334 157 241 177 347 151 260 226 312 221 273 272 318 267 275 343 316 343 
228 103 312 98 231 180 334 159 241 179 349 165 260 226 312 221 273 272 318 267 275 343 316 343 
228 103 312 98 230 180 335 160 240 180 353 177 260 226 312 221 273 272 318 267 275 343 316 343 
228 103 312 98 230 180 335 161 239 181 353 175 260 226 312 221 273 272 318 267 275 343 316 343 
227 103 311 97 224 174 335 161 236 182 347 173 259 226 312 221 273 273 318 267 275 343 316 343 
227 103 311 97 223 173 335 160 236 182 341 165 259 227 311 221 273 273 318 267 275 343 316 343 
226 103 311 97 222 174 335 156 236 182 340 163 259 227 311 221 272 273 319 265 275 343 316 343 
226 103 310 97 222 174 335 153 236 182 337 152 259 227 311 221 272 273 318 265 275 343 316 343 
226 103 310 97 222 174 335 152 236 182 337 149 259 227 311 221 272 273 318 265 275 343 316 343 
226 103 310 97 222 173 335 153 236 182 339 165 259 227 311 221 272 273 318 265 275 343 316 343 
226 103 310 97 222 173 335 154 236 183 340 170 259 227 311 221 272 273 319 265 275 343 316 343 
226 103 310 97 222 172 335 155 236 183 341 171 259 227 311 221 272 273 319 265 275 343 316 343 
226 103 310 97 222 172 336 155 236 183 343 174 259 227 311 221 272 274 319 265 275 343 317 343 
226 103 310 97 222 172 336 155 236 184 344 173 259 227 311 221 272 274 319 265 275 343 317 343 
226 103 310 97 222 172 336 155 236 184 344 173 259 227 311 221 272 274 319 265 275 343 317 343 
226 103 311 96 222 172 338 156 236 184 349 175 259 227 311 221 272 274 319 264 275 343 317 343 
227 103 312 97 224 172 338 157 236 183 350 175 259 227 312 221 272 274 319 264 279 346 317 343 
227 103 312 97 225 172 338 158 236 183 350 173 259 227 312 222 273 274 320 264 281 348 318 342 
228 103 312 97 227 172 339 158 236 183 355 180 260 227 312 222 273 275 320 266 282 349 318 343 
228 103 312 97 227 172 339 158 236 183 356 184 260 227 312 222 273 275 320 267 282 350 318 343 
228 103 312 97 227 171 339 158 236 183 357 188 260 227 312 222 274 275 320 267 282 350 318 345 
228 103 312 97 226 170 340 158 236 183 359 189 260 227 312 222 274 275 320 267 282 350 318 346 
228 103 312 97 225 169 340 157 236 183 358 188 260 227 312 222 274 275 319 267 282 350 318 346 
228 103 312 97 224 168 340 157 236 183 358 188 260 227 312 222 274 275 319 267 283 350 318 346 
228 103 312 97 224 168 340 157 236 183 357 183 260 227 312 222 274 275 319 267 283 350 318 346 
228 103 312 97 224 168 341 156 236 183 354 180 260 227 312 222 274 275 319 267 283 350 318 346 
228 103 312 96 224 168 341 155 237 183 354 178 260 227 312 222 274 275 319 267 283 350 318 346 
228 103 312 96 223 167 345 154 237 181 355 178 260 227 312 222 274 275 319 267 283 350 318 346 
226 103 312 96 217 166 344 154 236 181 355 181 260 227 312 222 274 275 318 269 283 350 318 347 
226 103 311 96 216 164 344 152 236 182 357 185 259 227 312 222 274 275 318 269 282 351 318 348 
225 103 311 96 216 162 345 151 236 182 360 189 259 227 312 222 274 276 318 269 282 351 318 348 
224 103 311 96 216 162 345 152 236 183 361 190 259 227 311 222 274 276 318 269 282 352 318 348 
224 103 311 96 216 163 344 152 236 183 361 189 259 227 311 222 273 277 318 269 282 352 318 348 
224 103 311 96 217 161 343 152 236 181 360 189 259 227 311 222 273 277 318 269 282 352 318 348 
224 104 311 96 218 161 343 152 236 180 361 189 259 227 311 222 273 278 318 269 282 353 318 348 
224 104 311 96 221 161 343 152 237 179 361 189 259 227 311 222 273 278 318 270 282 353 318 348 
224 104 311 96 223 162 342 152 237 179 362 190 259 228 311 222 273 278 318 270 282 353 318 348 
224 104 312 96 223 163 341 155 237 179 356 192 259 228 311 222 273 279 318 270 282 353 318 348 
224 104 312 96 224 163 340 155 238 178 351 191 259 228 311 222 273 279 318 270 282 353 318 348 
224 104 312 96 224 163 341 155 239 178 355 191 259 228 311 222 273 279 318 270 282 353 318 348 
224 104 311 96 224 163 340 154 237 177 353 179 259 228 311 222 274 279 318 270 282 353 318 348 
225 104 311 96 221 166 340 153 236 179 351 175 259 228 311 222 274 279 318 270 282 353 318 348 
225 104 310 96 220 168 340 152 236 179 350 171 259 228 311 222 274 279 318 270 283 353 318 348 
225 104 310 96 220 169 338 148 236 179 347 166 259 228 311 222 274 278 319 269 283 353 318 347 
226 104 310 96 220 172 338 150 236 178 345 165 259 228 311 222 274 278 319 269 283 353 318 346 
226 104 310 96 220 174 338 152 236 178 346 168 259 228 311 222 274 278 319 269 283 353 318 345 
226 105 310 96 220 174 338 152 236 178 346 166 259 228 311 222 274 278 319 268 283 352 318 345 
226 105 310 96 219 174 338 152 235 178 347 167 259 228 311 222 274 277 320 268 283 352 318 345 
226 104 310 96 219 173 337 149 235 178 346 165 259 228 311 222 274 277 320 268 283 352 318 345 
226 104 310 96 219 173 337 148 235 179 346 166 259 228 311 221 274 277 320 269 283 352 318 345 
226 104 310 96 219 173 337 148 235 179 346 167 259 228 311 221 274 277 320 269 283 352 318 345 
226 105 310 96 218 173 337 147 235 177 344 161 259 228 311 221 274 277 319 269 283 352 318 345 
226 104 311 96 218 173 337 155 235 177 344 174 259 228 311 221 274 277 319 269 283 351 318 345 
227 104 311 97 218 173 337 158 235 177 344 175 259 228 311 222 274 277 319 269 283 351 318 345 
227 104 312 97 218 173 337 158 236 178 345 174 259 228 311 222 274 277 319 269 283 351 318 345 
227 103 312 97 220 173 337 158 236 180 346 175 259 228 311 222 274 277 319 269 283 351 317 345 
227 103 312 97 221 173 337 159 237 181 347 175 259 228 311 222 273 276 318 269 283 350 317 345 
227 103 312 97 222 173 337 159 237 181 347 172 259 228 311 222 273 276 318 269 282 350 317 345 
227 103 312 97 224 175 337 159 237 180 347 170 259 228 311 222 273 276 318 269 282 350 316 345 
227 103 312 97 225 176 337 160 237 180 347 170 259 228 311 222 273 276 317 270 277 348 316 345 
227 103 313 98 226 177 337 161 239 181 347 172 259 228 311 222 273 276 317 270 275 347 316 345 
227 103 313 98 226 177 337 161 239 181 347 163 259 228 311 222 273 276 317 270 274 346 316 345 
227 103 313 98 225 177 337 161 239 181 347 157 259 228 312 222 273 276 317 270 274 346 316 345 
227 104 313 98 225 178 337 162 238 181 347 153 259 228 312 222 273 276 316 270 274 345 316 345 
228 104 313 98 226 178 337 157 239 181 347 154 260 227 311 222 273 274 316 267 274 342 315 344 
228 103 313 98 226 178 337 155 239 181 347 155 260 227 311 221 273 273 316 266 274 341 315 344 
228 103 313 98 227 179 337 154 239 181 347 154 260 226 311 221 273 273 316 266 274 341 315 344 
229 103 313 98 229 180 338 153 240 181 347 150 260 226 311 220 273 272 315 266 274 341 315 344 
229 103 313 98 229 179 338 152 240 181 348 152 260 226 311 221 273 272 315 266 274 341 315 344 
229 103 313 98 229 178 340 151 240 181 349 159 260 226 311 221 273 272 316 266 279 345 315 344 
229 103 312 98 229 178 341 150 239 182 350 160 260 226 311 221 274 273 316 266 278 345 315 344 
230 103 312 98 230 178 341 155 239 182 349 160 260 226 312 221 274 273 316 267 277 345 316 344 
230 103 312 98 230 177 341 157 239 182 350 168 260 226 312 221 274 274 316 267 277 345 316 345 
230 103 312 98 231 178 340 158 239 182 350 171 260 227 312 221 274 274 316 268 280 346 316 345 
230 103 312 98 230 178 340 158 239 182 350 169 260 227 312 222 275 274 316 268 281 346 316 345 
230 103 312 98 230 178 340 158 239 182 350 169 260 227 312 222 275 274 314 266 282 346 316 345 
229 103 312 98 225 177 340 159 238 183 349 172 260 227 312 222 274 274 315 266 276 345 316 345 
229 103 312 98 223 176 340 159 238 183 350 177 260 227 312 222 274 274 315 266 275 345 316 345 
228 103 312 98 223 177 340 160 238 183 350 175 260 227 312 222 274 274 315 265 274 344 316 345 
228 103 312 98 223 177 340 160 238 183 350 174 260 227 312 222 274 274 316 265 274 344 316 345 
228 103 312 98 223 178 340 160 238 183 350 172 260 227 312 222 274 274 316 265 274 344 316 345 
228 104 312 98 223 179 340 160 238 183 350 167 260 227 312 222 274 274 316 265 274 344 316 345 
228 104 312 99 223 179 340 161 238 183 350 167 260 227 312 222 274 274 316 265 274 344 316 345 
228 104 312 99 224 181 340 161 238 183 350 167 260 228 312 222 274 274 316 265 274 344 316 345 
228 104 312 99 225 181 340 161 238 183 351 169 259 228 312 222 274 274 317 265 273 344 316 345 
228 104 312 99 225 181 340 162 238 183 350 168 259 228 312 222 274 274 317 265 273 344 316 345 
228 104 312 99 225 181 340 161 238 183 350 168 259 228 311 222 274 274 317 265 273 344 316 345 
228 104 312 99 226 182 340 161 238 183 350 167 259 228 311 223 274 274 317 265 273 344 316 345 
228 104 312 98 222 179 340 162 238 183 345 166 259 227 311 222 274 274 317 265 272 344 316 345 
228 103 312 98 223 178 339 162 238 183 344 165 259 227 311 222 273 274 317 266 272 344 316 345 
229 103 312 98 222 177 339 162 237 183 343 160 259 227 311 222 273 274 317 266 272 344 316 345 
229 103 312 98 222 177 339 158 237 182 343 157 259 226 311 221 273 274 316 265 272 343 316 344 
229 103 312 98 222 177 339 157 237 182 343 154 259 226 311 221 274 274 316 265 272 342 316 344 
229 103 312 98 221 177 339 155 237 182 343 149 259 226 311 221 274 273 316 265 272 342 316 344 
229 103 312 98 221 177 339 157 237 182 344 151 259 226 311 221 274 273 316 265 273 342 316 344 
229 103 312 98 221 177 339 156 237 182 344 152 259 226 311 221 274 273 316 265 273 342 316 344 
229 103 312 98 221 177 339 155 237 182 344 151 259 226 311 221 274 273 316 265 273 342 316 344 
229 103 312 98 221 177 339 154 237 182 344 150 259 226 311 221 274 273 316 265 273 342 316 344 
230 103 313 98 221 177 339 154 237 182 344 148 259 226 311 221 274 273 316 265 273 342 316 344 
229 103 313 98 221 177 339 154 237 182 344 149 259 226 311 221 274 273 316 265 274 342 316 344 
229 103 312 98 221 177 339 154 237 182 343 155 260 226 311 220 274 273 316 265 273 342 316 344 
229 103 312 98 221 176 338 154 237 183 344 161 260 226 311 220 274 273 316 267 274 343 316 344 
229 103 312 98 222 176 338 154 237 185 344 167 260 226 311 220 274 274 316 268 279 349 316 345 
229 103 312 97 222 175 338 152 237 186 347 167 260 226 311 220 274 274 316 268 278 349 316 345 
228 103 312 97 222 175 340 149 236 186 350 165 260 226 311 220 274 274 316 269 277 348 316 345 
228 103 312 97 222 175 340 149 235 187 351 165 260 226 311 220 274 274 316 269 277 348 315 345 
228 103 312 97 222 178 340 157 235 186 350 164 260 226 312 221 274 274 316 270 277 348 315 346 
228 103 312 97 222 179 340 159 235 185 350 164 260 226 312 221 274 274 316 270 277 347 315 346 
228 103 312 98 221 181 340 160 234 185 350 163 260 226 312 221 274 275 316 270 276 347 315 346 
228 103 312 98 221 181 340 161 234 184 350 163 260 227 312 221 274 275 316 270 276 347 315 346 
228 103 312 98 220 181 341 158 234 184 350 161 260 227 312 221 274 275 316 270 276 347 316 346 
228 103 312 98 220 181 340 156 234 183 349 160 260 227 312 221 274 275 316 270 276 347 316 346 
227 103 310 98 219 180 340 157 235 185 349 166 260 226 312 221 274 275 316 269 276 345 315 346 
226 104 311 98 220 169 340 158 235 186 349 175 259 226 312 221 274 275 316 269 276 345 316 346 
226 104 312 98 220 165 340 159 236 187 350 181 259 226 312 221 274 275 315 267 276 345 316 345 
226 104 312 98 219 170 340 159 236 189 355 186 259 227 312 221 274 275 315 266 276 345 316 345 
226 104 313 98 219 174 340 159 237 189 354 183 259 227 312 221 274 274 315 266 276 344 316 345 
226 104 313 98 219 175 340 159 237 189 354 185 259 227 312 221 274 274 316 265 276 344 316 345 
226 104 313 98 219 176 340 160 237 189 354 186 259 227 313 222 274 274 315 265 276 344 316 345 
226 104 313 98 220 177 340 160 237 189 354 184 260 227 313 222 274 274 316 265 276 344 316 345 
226 104 313 98 219 177 340 162 236 189 354 186 260 227 313 222 274 274 316 266 276 344 316 345 
226 104 313 98 220 177 340 162 236 189 354 185 260 227 313 222 274 275 317 266 276 344 316 345 
227 104 313 98 220 177 340 161 235 188 354 184 260 227 313 222 274 275 317 266 276 345 316 345 
227 104 311 98 220 178 340 161 235 188 354 182 260 227 313 222 274 275 317 266 276 345 316 345 
226 104 311 98 219 178 340 161 234 187 353 173 260 227 313 222 274 275 318 266 276 345 316 345 
226 104 311 99 218 178 340 161 233 185 353 162 260 227 313 222 273 275 318 266 275 344 316 345 
226 104 311 99 217 178 340 161 231 184 353 162 260 227 313 222 273 275 318 266 275 344 316 345 
226 103 312 99 217 177 340 156 231 184 352 162 259 227 313 222 273 275 318 266 275 344 316 345 
226 103 312 99 217 176 340 154 231 183 352 161 259 227 313 222 273 275 318 266 275 344 316 344 
226 103 312 98 217 175 341 153 231 183 352 159 259 227 313 222 273 275 318 266 275 344 316 344 
226 103 312 98 216 174 343 152 230 183 352 159 259 227 313 222 273 275 318 266 275 344 316 344 
227 103 312 98 216 173 343 152 230 183 352 157 259 227 313 222 273 275 318 266 275 344 316 344 
227 103 312 98 216 173 343 152 230 183 352 157 259 227 313 222 273 275 318 266 275 345 316 344 
227 103 312 98 216 173 343 151 230 183 352 154 259 227 313 222 273 275 318 266 275 345 316 344 
227 103 312 98 216 173 344 152 230 183 351 153 260 227 313 222 273 275 318 266 275 345 316 344 
227 103 311 98 217 173 344 152 231 183 350 154 260 227 313 221 273 275 318 266 275 345 316 344 
227 103 309 97 220 178 341 156 231 183 350 172 259 227 313 221 273 275 318 267 275 345 316 344 
227 103 309 97 223 179 341 157 232 183 350 176 259 227 313 221 273 275 318 268 275 345 316 345 
227 103 309 97 224 179 340 157 232 185 350 173 259 227 313 221 273 276 318 269 275 346 316 345 
227 103 309 97 224 179 340 157 232 186 351 171 259 226 312 220 273 276 318 270 275 347 316 345 
227 103 309 97 223 179 340 157 232 186 351 171 259 226 312 220 273 276 317 270 275 347 316 345 
226 103 309 97 223 179 340 155 231 186 352 172 259 226 312 220 273 276 317 270 275 348 316 345 
226 102 309 96 222 177 340 153 231 186 352 171 259 226 312 219 273 276 317 270 275 348 316 346 
226 102 308 95 221 175 340 152 230 186 352 174 259 225 312 219 273 276 317 270 275 348 316 346 
226 102 308 95 221 175 339 152 230 186 351 173 259 225 312 219 273 276 317 270 275 348 316 346 
226 102 307 95 221 175 339 151 230 186 351 171 258 225 312 219 273 276 317 270 275 348 316 346 
226 102 308 95 221 175 339 151 230 186 351 171 258 225 312 219 273 276 317 270 275 348 316 346 
226 102 308 95 221 175 339 151 230 186 350 169 258 225 312 219 273 276 318 270 275 348 317 346 
226 103 309 95 223 175 339 150 232 187 347 165 258 225 312 219 273 276 318 270 275 348 317 346 
226 103 309 95 224 175 339 149 233 187 346 164 259 225 311 219 273 276 318 270 275 348 317 348 
226 103 310 95 226 175 339 150 234 187 346 170 259 225 311 219 273 276 317 270 275 348 317 348 
226 103 310 95 226 175 339 151 234 187 347 170 259 225 311 219 273 276 317 270 275 347 317 348 
226 103 311 96 226 175 339 152 234 188 347 173 259 225 311 220 273 275 317 270 276 347 317 349 
226 104 311 96 226 175 339 152 235 188 348 173 258 226 311 220 273 276 317 270 276 347 317 349 
226 104 311 96 226 175 339 152 236 189 348 173 258 226 311 220 273 276 317 270 275 347 317 349 
226 104 311 96 227 175 339 152 236 189 348 173 258 226 311 220 273 276 317 270 275 347 317 349 
226 104 311 96 227 174 339 152 236 189 348 173 258 226 311 220 273 276 317 270 275 347 317 349 
226 104 312 96 227 173 339 152 236 189 349 175 258 226 311 221 273 276 317 270 275 347 317 350 
226 104 312 96 227 173 339 153 236 189 350 177 258 226 311 221 273 276 317 270 279 349 317 350 
226 104 312 96 227 173 339 153 236 189 351 177 258 226 311 221 273 276 317 270 279 349 317 350 
226 104 312 96 227 174 339 154 236 187 350 171 258 226 311 221 273 275 318 268 280 349 317 347 
226 104 312 96 227 174 339 154 236 186 349 169 258 226 311 221 273 275 318 268 278 348 317 345 
227 104 312 96 227 174 339 154 236 186 349 167 259 226 311 221 273 275 318 268 277 347 317 345 
227 104 312 96 227 175 339 155 237 187 350 170 259 226 311 221 273 275 318 268 277 346 317 345 
227 104 312 96 227 175 340 155 236 187 351 170 259 226 311 221 273 275 318 268 276 346 317 345 
227 104 312 97 227 175 340 155 235 188 351 170 259 226 311 221 273 275 318 267 276 346 317 344 
227 104 312 97 227 175 340 155 235 189 352 174 259 226 311 221 273 275 318 267 276 346 317 344 
227 104 312 97 227 176 340 155 235 189 354 178 259 226 311 221 273 275 317 267 276 346 317 344 
227 104 312 97 227 176 340 155 235 189 354 181 259 226 311 221 273 274 317 266 275 346 317 344 
227 104 312 97 227 175 340 155 235 189 354 181 259 226 311 221 273 275 317 266 275 346 317 344 
227 104 312 97 227 175 342 155 235 189 354 181 259 226 311 221 273 275 317 266 279 348 317 344 
227 104 312 97 227 174 342 155 235 190 355 182 259 227 311 221 273 275 317 266 280 349 317 344 
227 104 312 97 226 174 342 155 235 190 355 181 259 227 311 221 273 275 317 266 278 348 317 344 
227 104 312 97 226 174 342 155 235 190 355 182 258 227 311 221 273 275 317 266 277 347 317 344 
227 104 312 97 226 174 342 154 235 190 355 182 258 227 311 221 273 275 317 267 279 350 317 344 
227 104 312 97 226 174 343 154 235 190 355 182 258 227 311 221 273 275 317 267 280 351 317 344 
227 104 312 97 225 174 344 154 235 190 356 182 258 227 311 221 273 275 317 267 281 352 317 344 
227 104 312 97 225 174 344 153 235 190 356 182 258 227 311 221 273 275 317 267 281 352 317 344 
227 104 312 97 225 174 344 153 235 190 355 182 258 227 311 221 273 275 317 267 281 352 317 344 
226 104 312 97 225 174 344 153 235 190 356 183 258 227 311 221 273 275 317 268 281 352 317 344 
226 104 312 97 225 174 344 153 235 190 357 184 258 227 311 221 273 276 317 268 281 352 317 344 
226 104 312 97 225 174 343 153 235 190 357 183 258 227 311 221 273 276 317 268 281 352 317 344 
226 104 312 97 225 174 343 153 236 190 357 183 258 227 311 221 273 276 317 268 282 352 317 344 
226 104 312 97 225 174 342 153 236 190 357 183 258 227 311 221 273 276 317 269 282 352 317 344 
227 104 312 97 225 174 343 151 235 187 355 161 259 227 311 221 273 276 317 269 279 348 317 344 
227 103 313 97 224 171 342 153 235 187 355 166 259 227 311 221 273 275 317 269 277 346 317 344 
227 103 313 97 223 169 342 153 234 187 354 166 259 226 311 221 273 275 317 269 276 346 317 344 
227 103 313 97 223 170 340 151 234 187 354 170 259 226 311 221 273 275 317 269 275 346 317 344 
227 103 313 97 223 171 340 150 233 187 353 168 259 226 311 221 273 276 317 270 275 345 317 345 
227 103 312 97 223 172 340 151 233 188 353 170 259 226 311 220 273 276 317 270 274 345 317 345 
227 103 312 97 223 172 339 150 233 188 353 170 259 226 311 220 273 276 317 270 274 345 317 345 
227 103 312 97 223 173 339 149 233 188 352 168 259 226 311 220 273 276 317 270 274 345 317 345 
227 103 312 97 223 174 339 149 233 188 351 168 259 226 311 220 273 276 317 270 274 345 317 345 
227 103 312 97 223 174 338 148 232 188 351 168 259 226 311 220 273 276 317 270 274 345 317 345 
226 103 311 97 223 176 338 148 231 188 350 167 258 226 311 220 273 276 317 270 274 345 317 345 
226 103 311 97 224 177 338 148 231 188 350 164 258 226 311 220 273 276 317 270 274 345 317 345 
226 103 311 97 224 176 340 147 232 186 348 140 258 226 311 220 273 276 317 270 278 349 317 345 
226 103 312 97 224 176 342 147 233 185 348 135 258 226 311 220 273 276 317 270 280 350 317 345 
226 103 312 97 224 176 342 147 233 184 348 137 259 226 311 220 273 276 317 270 280 350 317 345 
226 103 312 97 224 175 342 147 233 184 348 134 259 226 311 220 273 276 317 270 281 351 317 345 
226 103 312 97 224 175 342 147 235 183 348 131 259 226 311 220 273 276 317 270 281 351 317 345 
226 103 312 97 224 176 342 147 236 183 348 131 259 226 311 220 273 275 317 269 281 351 317 345 
226 103 312 97 224 176 342 147 236 183 348 135 259 226 311 220 273 275 317 269 281 351 317 345 
226 103 312 97 225 176 342 147 237 183 348 131 259 226 311 221 273 275 317 268 281 351 317 345 
227 103 312 97 225 176 342 147 237 183 347 134 259 226 311 221 273 275 317 267 281 351 317 345 
227 103 312 97 225 175 342 147 237 183 347 134 259 227 311 221 273 275 318 266 282 351 317 345 
227 103 312 98 225 176 342 148 237 183 348 149 259 227 311 221 273 275 318 266 282 351 317 345 
227 103 312 98 225 176 342 148 237 183 348 149 259 227 311 221 273 275 318 265 282 350 317 344 
226 103 312 97 225 176 341 152 237 183 348 167 259 227 311 221 273 275 318 267 282 350 317 345 
226 103 312 97 225 176 340 154 237 183 348 161 259 227 311 221 273 275 318 268 282 350 317 345 
226 103 312 97 225 177 339 153 237 183 347 160 259 227 311 221 273 275 318 268 281 350 317 345 
226 103 312 97 226 177 339 155 237 183 347 166 259 227 311 221 273 275 317 269 281 350 317 345 
226 103 312 97 226 177 339 156 237 186 348 166 259 227 311 221 273 275 317 269 281 350 317 345 
226 103 313 97 226 177 339 157 236 186 348 163 259 227 311 221 273 275 317 269 282 351 317 345 
227 103 313 97 226 178 339 157 236 185 349 162 259 227 312 221 273 275 317 269 282 351 317 345 
227 103 313 98 226 179 339 157 236 185 349 161 259 227 312 222 273 275 317 269 282 351 317 345 
227 103 313 98 225 179 339 155 236 184 350 161 259 227 312 222 273 275 317 269 282 351 317 345 
227 103 313 98 225 179 339 154 236 184 350 160 260 227 312 222 273 275 317 269 282 350 317 345 
227 104 313 98 225 181 339 154 236 184 350 154 260 227 312 222 273 275 317 269 282 350 316 344 
227 104 313 98 224 181 342 153 236 183 351 148 260 227 312 222 273 275 317 268 282 349 316 344 
227 104 311 96 223 181 340 152 235 183 350 147 260 227 312 221 273 275 317 268 278 346 316 344 
227 104 311 96 223 181 339 152 234 183 350 150 260 227 312 220 273 274 317 267 277 344 316 344 
227 104 311 96 223 181 338 151 234 183 348 145 260 227 312 220 274 274 317 267 276 343 316 344 
228 104 311 96 223 182 338 151 235 182 348 143 260 227 313 220 274 274 317 267 276 344 316 344 
228 104 311 96 223 182 340 151 235 182 348 142 260 226 313 220 274 274 317 267 278 344 316 344 
228 104 311 96 223 182 339 151 235 182 348 142 260 226 313 220 274 274 317 266 279 344 316 344 
228 104 311 96 223 181 339 151 235 182 348 143 260 226 313 220 274 274 317 266 280 344 316 344 
228 104 311 96 223 181 341 151 234 182 348 143 260 226 313 220 274 274 317 266 280 344 316 344 
228 104 311 96 222 181 342 151 234 182 348 143 260 226 313 220 274 274 318 266 278 345 316 344 
228 104 311 96 222 181 342 151 234 182 348 143 260 226 313 220 274 274 318 266 279 346 316 344 
228 104 311 96 222 181 342 151 234 182 348 141 260 226 313 220 274 274 318 266 279 347 316 344 
228 104 312 96 222 180 342 151 234 182 348 141 260 226 313 220 274 274 318 266 277 346 316 344 
227 103 312 96 220 178 342 151 234 182 348 150 260 226 313 220 274 274 318 267 279 348 316 344 
227 103 311 96 220 177 341 150 234 183 347 149 260 226 313 220 274 274 318 267 278 347 316 345 
227 103 311 96 219 176 341 150 234 183 346 147 259 226 312 220 274 274 318 268 277 347 316 345 
227 103 311 96 219 176 341 150 234 183 346 146 259 226 312 220 274 274 318 269 277 347 316 345 
227 103 311 96 220 176 341 149 234 183 345 138 259 225 312 220 274 274 318 269 276 347 316 345 
226 103 311 96 221 176 339 149 234 183 344 137 259 225 311 220 274 274 318 269 276 346 316 345 
226 103 311 96 222 176 338 149 234 184 344 138 259 225 311 220 274 274 318 269 275 346 316 345 
226 103 311 96 222 175 338 148 234 184 345 150 259 225 311 220 274 274 318 269 275 345 316 345 
226 103 312 96 222 174 338 148 234 184 345 158 259 225 311 220 274 274 317 269 274 344 316 345 
226 103 312 96 222 174 338 148 234 185 346 160 259 225 311 220 274 274 317 269 274 344 316 345 
226 103 312 96 222 174 338 148 234 185 346 160 259 225 311 220 274 274 317 269 274 344 317 345 
226 103 312 96 222 173 338 148 234 184 347 164 259 225 311 220 274 274 317 269 274 344 317 345 
226 103 311 96 221 170 340 148 234 185 347 171 259 225 311 220 274 274 317 269 278 348 317 347 
226 103 311 96 220 168 341 150 234 186 348 178 258 225 311 220 274 275 317 269 279 349 317 348 
226 103 310 96 219 168 341 151 234 187 349 180 258 226 311 220 274 275 317 269 279 350 317 348 
226 103 310 96 219 169 341 151 233 187 347 176 258 226 310 221 273 275 317 270 280 350 317 348 
226 103 310 96 219 169 341 151 233 187 346 174 258 226 310 221 273 275 317 270 280 350 317 348 
226 103 310 96 219 169 341 151 233 188 346 173 258 226 310 220 273 276 318 270 280 351 317 348 
226 103 310 96 220 169 339 152 234 187 345 174 258 226 310 220 273 276 317 270 280 351 317 348 
226 103 310 96 221 169 339 152 234 186 345 176 258 226 310 221 273 276 318 270 280 351 317 348 
226 103 310 96 222 169 338 152 235 185 345 175 258 226 310 221 273 276 318 270 280 351 317 348 
226 103 310 96 223 170 338 152 236 184 343 173 258 226 310 221 273 276 318 270 280 351 317 348 
226 103 310 96 223 170 338 153 236 183 342 168 258 226 310 221 273 275 318 270 280 351 317 348 
226 103 310 96 223 170 338 153 236 183 342 168 258 226 310 221 273 275 318 270 280 351 317 348 
226 103 310 96 223 170 338 153 234 184 345 171 258 226 310 221 273 276 318 270 277 348 317 348 
226 103 310 96 223 170 337 149 233 184 345 166 258 226 310 221 273 276 317 270 275 347 317 348 
226 103 310 96 223 171 337 148 233 185 345 166 258 226 310 221 273 276 317 269 275 346 317 347 
226 103 310 96 222 171 337 148 233 185 345 166 258 226 310 221 273 275 317 269 274 345 317 347 
226 103 310 96 222 172 337 148 233 184 345 162 258 226 310 221 273 275 317 267 274 344 317 347 
226 103 309 96 223 172 337 147 233 184 345 155 258 226 310 221 273 275 317 266 274 344 317 346 
226 103 309 96 223 173 337 147 233 183 345 157 258 226 310 221 273 275 317 266 274 344 317 346 
226 103 309 96 224 173 337 151 234 183 346 169 258 226 310 221 273 275 317 266 274 344 317 346 
227 103 309 96 224 174 337 150 234 182 346 166 258 227 310 221 273 275 318 265 274 344 317 345 
227 103 309 96 225 175 337 150 235 182 346 164 258 227 310 221 273 275 318 266 275 344 317 345 
227 103 309 96 225 176 337 153 235 182 346 165 258 227 310 221 273 275 318 266 275 344 317 345 
227 103 309 96 225 176 337 152 235 182 346 162 259 227 310 222 273 275 318 266 275 344 317 344 
227 104 310 96 225 178 338 155 236 182 349 172 259 228 311 222 273 275 318 267 280 348 317 344 
227 104 310 97 225 179 339 156 238 181 349 172 259 228 311 222 273 275 318 267 281 350 318 345 
227 105 311 97 225 179 339 156 240 181 349 173 259 228 311 222 273 275 319 267 282 350 318 345 
227 105 311 97 225 179 339 156 241 181 349 169 259 228 311 222 273 275 319 267 282 351 317 345 
227 105 311 97 226 179 339 156 242 181 348 169 259 228 311 222 273 275 319 267 282 351 318 345 
228 105 311 97 226 173 339 156 247 181 348 170 259 228 311 222 273 275 319 267 282 351 318 345 
228 105 312 97 226 175 339 156 246 181 348 172 259 228 311 222 273 275 319 268 282 351 318 345 
228 105 312 97 226 171 341 157 245 181 351 177 259 228 312 222 273 275 319 268 282 351 318 345 
228 105 312 97 226 176 341 157 245 181 351 172 259 228 312 222 273 275 319 268 282 351 317 345 
228 105 313 97 225 178 341 157 243 179 350 163 260 228 312 222 274 275 318 268 282 351 317 345 
228 105 313 98 225 178 341 157 241 180 351 164 260 228 312 222 274 275 318 268 282 351 317 345 
228 105 313 98 225 178 341 157 240 181 351 164 260 227 312 222 274 275 318 268 282 350 317 344 
227 104 312 98 223 176 340 157 236 181 350 169 259 227 312 222 274 275 318 268 278 348 317 345 
227 104 312 98 222 175 340 157 234 183 357 187 259 227 312 222 274 275 318 268 280 349 317 345 
226 104 312 98 222 174 340 157 233 185 360 191 259 227 312 222 274 275 318 268 278 348 317 345 
226 104 312 98 222 174 340 158 233 186 362 194 259 228 312 222 274 275 318 267 278 348 317 345 
226 104 313 98 222 174 341 158 233 186 361 191 259 228 312 222 274 275 318 266 277 347 317 345 
226 104 313 98 221 174 341 158 233 185 361 189 259 228 312 222 274 275 318 266 277 347 317 345 
226 104 313 98 221 174 341 158 233 185 361 187 259 228 312 222 274 275 318 265 277 346 317 345 
226 104 313 98 222 174 342 158 233 185 360 186 259 228 312 222 274 275 318 265 280 348 317 344 
226 104 313 98 221 175 341 158 233 184 357 184 259 228 312 222 274 275 318 265 279 347 317 344 
226 104 312 98 221 175 340 158 233 184 353 180 259 228 312 222 274 275 318 265 281 348 317 344 
226 104 312 98 221 176 340 158 233 184 352 178 259 228 312 222 274 275 318 265 279 348 317 344 
226 104 312 98 221 176 340 158 233 185 352 178 259 228 312 222 274 276 318 265 278 347 317 344 
226 104 312 98 220 176 339 158 233 183 347 161 259 228 312 222 274 276 318 265 275 347 317 345 
226 104 312 98 220 176 339 158 233 182 347 166 259 228 312 222 274 276 318 265 274 346 317 345 
227 104 312 98 219 176 340 159 233 180 347 164 259 228 312 223 274 276 318 266 274 346 317 345 
227 104 312 98 219 175 341 160 233 180 348 165 259 228 312 223 274 276 318 267 274 346 317 345 
227 104 312 98 219 175 341 160 233 180 348 162 259 228 312 223 274 276 318 267 274 346 317 345 
227 104 312 98 219 176 340 160 233 180 348 160 259 228 312 223 274 276 318 267 274 346 317 344 
227 104 313 98 219 176 340 161 234 179 348 157 259 228 312 223 274 276 318 267 278 346 318 344 
227 104 313 98 219 176 340 161 234 178 349 158 259 228 312 223 274 276 318 267 277 346 318 344 
227 104 313 98 219 177 340 161 234 178 349 156 259 228 312 223 274 276 318 267 276 346 318 344 
227 104 313 98 219 177 340 161 234 178 349 155 259 228 312 223 274 276 318 267 275 346 318 344 
227 104 313 98 219 178 340 161 235 178 348 150 259 228 312 223 274 276 318 267 275 346 318 344 
227 104 313 98 220 178 340 161 235 179 348 152 259 228 312 223 274 276 318 268 275 346 318 344 
227 103 312 98 219 177 341 161 234 181 348 160 259 228 312 223 274 276 318 268 274 345 318 344 
227 103 312 98 219 178 341 161 234 182 348 162 259 228 312 223 273 276 318 267 274 345 318 344 
227 103 312 98 218 178 340 161 234 182 347 164 259 228 312 223 273 276 318 267 274 345 318 343 
227 103 312 98 218 178 340 161 234 182 347 165 259 228 312 223 273 276 318 267 274 345 318 343 
227 103 312 98 218 178 340 161 234 182 347 163 259 228 312 223 273 276 318 267 274 345 318 343 
227 103 312 98 218 178 341 160 234 183 347 163 259 228 312 223 273 276 318 267 274 344 318 343 
227 103 312 98 218 178 341 156 234 183 347 159 259 228 312 223 273 276 318 267 274 344 318 343 
227 103 312 98 218 179 341 157 233 183 348 158 259 228 312 223 273 276 318 267 274 344 318 343 
227 103 312 98 219 179 341 154 233 183 348 155 259 228 312 223 273 276 318 267 274 344 318 343 
227 103 312 99 219 179 341 153 233 183 348 152 259 228 312 223 273 276 318 267 274 344 318 343 
227 103 312 99 219 180 341 153 233 183 348 146 259 228 312 223 273 276 318 267 274 344 318 343 
227 104 312 99 220 181 339 152 234 183 347 148 259 228 312 223 273 276 318 267 273 344 318 343 
226 103 312 98 219 178 340 155 234 183 347 163 259 228 312 223 273 276 318 268 274 345 317 343 
226 103 312 98 219 178 340 157 234 183 347 171 259 228 312 223 273 276 318 268 274 345 317 344 
226 104 312 98 219 178 340 158 234 183 347 171 259 228 312 223 273 276 318 268 274 345 317 344 
226 104 312 98 219 178 340 159 234 183 347 169 259 229 312 223 273 276 318 267 274 345 317 344 
225 104 312 98 219 178 340 156 234 183 346 163 259 229 312 223 273 276 318 268 274 345 317 344 
225 104 312 98 219 178 340 157 234 183 346 163 259 229 312 223 273 276 318 268 274 346 317 344 
225 104 312 98 219 178 340 158 234 183 345 160 259 229 312 223 273 276 318 268 274 346 317 344 
225 104 312 98 219 178 341 158 234 183 345 163 259 229 312 223 273 276 318 269 274 347 317 344 
225 104 312 98 220 178 341 158 233 183 345 164 259 229 312 223 273 276 318 269 274 347 317 344 
225 104 312 98 220 178 341 158 233 183 345 164 259 229 312 223 273 276 318 269 274 347 317 344 
225 104 312 98 220 177 341 154 233 183 345 164 259 229 312 223 273 276 318 269 274 347 317 344 
225 104 312 98 220 178 339 155 233 183 345 168 259 229 312 223 273 276 318 269 274 347 317 344 
226 104 312 98 219 177 339 156 233 183 347 170 258 229 312 223 273 276 318 268 274 347 317 344 
226 104 312 98 219 178 339 156 233 183 349 170 258 229 312 223 273 276 318 268 274 347 317 344 
226 104 312 98 219 178 339 157 234 183 349 169 258 229 312 223 273 276 317 268 274 346 317 344 
226 104 312 98 219 178 339 157 234 183 350 171 258 229 312 223 273 276 317 268 274 346 317 344 
226 104 312 98 219 178 339 157 234 184 350 174 258 229 312 223 272 275 317 268 274 346 317 344 
226 104 312 98 219 180 338 158 235 184 350 173 258 229 312 223 272 275 316 268 274 346 317 344 
226 104 312 98 219 180 338 158 235 184 350 173 258 229 312 223 272 275 316 268 274 345 317 344 
226 104 312 98 220 180 338 158 235 184 352 177 258 229 312 223 272 275 316 268 274 345 317 344 
226 104 312 98 220 180 338 158 234 184 353 178 258 229 312 223 272 275 316 268 278 345 316 344 
226 104 312 98 220 180 338 158 234 184 353 178 258 229 312 222 272 275 316 267 277 345 316 344 
226 104 312 98 220 180 338 158 234 184 353 177 258 229 312 222 272 275 316 267 277 345 316 344 
226 104 312 98 220 179 338 158 234 184 354 178 258 229 312 222 272 275 316 267 277 345 316 344 
226 104 312 98 222 179 338 154 235 183 351 173 258 229 312 222 272 275 316 267 275 345 316 344 
227 104 312 98 224 179 338 154 236 183 351 173 258 229 312 222 272 275 316 267 275 345 316 344 
227 104 312 98 226 179 338 155 237 180 351 168 259 229 312 222 272 275 317 267 274 345 316 344 
227 104 312 98 226 179 338 156 237 179 351 170 259 229 312 222 272 275 317 267 274 345 316 343 
227 104 312 98 227 179 338 156 237 180 351 176 259 229 312 222 272 275 317 267 277 345 316 343 
227 104 312 98 227 179 338 156 237 180 351 177 259 229 312 222 272 275 317 266 277 345 316 344 
227 104 312 97 227 178 338 156 237 180 351 177 259 229 312 222 272 275 317 266 278 346 316 344 
227 103 312 97 227 177 338 156 237 181 351 178 259 229 312 222 272 275 317 267 275 346 316 344 
227 103 312 97 227 177 338 156 237 181 351 177 259 229 312 222 272 275 317 267 274 346 316 344 
227 103 312 97 226 177 338 156 237 181 351 177 259 229 312 222 272 275 317 267 274 346 316 344 
227 103 312 97 226 177 338 156 237 181 351 177 259 229 312 222 272 275 317 268 274 346 316 344 
227 103 312 97 226 177 338 156 237 181 351 177 259 229 312 222 272 275 317 268 274 346 316 344 
227 103 312 97 222 176 340 156 235 182 351 178 258 229 312 222 272 275 317 268 273 345 316 344 
227 103 312 97 221 176 341 157 234 183 352 183 258 229 312 222 272 275 317 268 273 345 316 344 
226 103 312 97 220 176 341 157 233 184 352 183 258 229 312 223 272 275 317 268 274 345 316 344 
226 103 313 97 220 176 341 158 233 184 352 182 258 229 312 223 272 275 317 268 274 345 316 344 
226 103 313 97 219 176 341 158 233 184 353 182 258 229 312 223 272 275 317 268 274 345 316 344 
226 103 313 97 220 175 341 158 233 184 352 179 258 229 312 223 272 275 317 269 273 345 316 345 
226 103 313 97 220 175 340 158 233 184 352 179 258 229 312 223 272 275 317 269 273 345 316 345 
226 103 313 97 220 175 340 158 233 184 352 179 258 229 312 223 272 275 317 269 273 345 316 345 
226 103 313 97 220 176 340 158 233 184 352 180 258 229 312 223 272 275 317 270 279 345 316 345 
226 103 313 97 220 175 340 158 233 185 354 182 258 229 312 223 272 275 317 270 281 346 316 345 
226 103 313 97 220 175 340 158 233 186 357 186 258 229 312 223 272 275 317 270 281 346 316 345 
226 103 313 97 219 172 341 158 233 186 358 189 258 229 312 223 272 275 317 270 282 346 316 345 
226 103 312 97 219 175 338 153 232 186 353 174 258 229 312 223 272 275 317 270 278 346 316 345 
226 103 312 97 221 177 338 154 233 186 351 174 258 229 312 223 272 276 317 270 276 346 316 345 
226 103 312 97 221 177 338 155 233 185 348 165 258 229 311 223 272 276 316 270 276 346 316 345 
226 103 312 97 222 179 338 156 234 185 347 167 258 229 311 223 272 276 316 271 275 346 316 346 
227 103 312 97 222 178 338 156 233 185 347 170 258 229 311 223 272 276 316 271 275 346 316 346 
227 103 312 97 222 178 338 156 233 185 349 178 258 229 311 223 272 276 316 271 275 346 316 346 
227 103 312 97 223 178 338 159 234 185 351 183 258 229 311 223 272 276 316 271 274 346 316 346 
227 103 312 97 224 179 339 160 235 185 356 187 259 229 311 223 272 276 316 271 275 346 316 346 
227 103 312 97 225 179 339 161 235 185 357 187 259 229 311 223 272 276 316 271 275 346 316 346 
227 103 312 97 225 179 339 161 234 186 358 187 259 229 311 223 272 277 316 271 275 346 316 346 
227 103 312 97 225 179 339 161 234 186 358 186 259 229 311 223 272 277 316 271 275 346 316 346 
227 103 312 97 225 180 339 160 234 186 358 186 259 229 311 223 272 277 316 272 275 346 316 346 
227 103 312 97 222 178 339 160 234 186 360 189 259 229 311 224 272 276 316 271 278 346 316 346 
227 103 312 97 222 178 339 161 234 186 361 191 259 230 311 224 272 276 316 271 280 346 316 346 
227 103 312 97 221 178 339 161 234 186 361 191 259 230 311 225 272 276 316 271 280 346 316 346 
227 103 312 97 221 178 340 161 234 186 361 192 259 230 312 225 272 276 316 271 280 346 316 346 
227 103 312 97 221 178 340 161 234 186 362 192 259 230 312 225 272 276 316 271 280 346 316 346 
227 103 313 97 221 179 340 161 234 185 361 190 259 230 312 225 272 276 316 271 280 346 316 346 
227 103 313 97 221 179 339 160 234 185 357 186 259 230 312 225 272 276 316 271 280 346 316 346 
227 103 313 97 221 179 339 159 234 185 357 186 259 230 312 224 272 276 316 271 280 346 316 346 
227 103 313 97 221 179 339 159 234 185 358 186 259 230 312 224 272 276 316 271 278 346 316 346 
227 103 313 97 221 179 339 159 233 185 358 187 259 230 312 224 272 277 316 271 277 346 316 346 
227 103 313 97 221 178 339 160 233 185 358 187 259 229 312 224 272 277 316 271 276 346 316 346 
226 103 313 97 221 178 339 160 233 185 358 187 259 229 312 224 272 277 316 271 275 346 316 346 
226 104 313 97 221 178 339 161 233 185 361 188 259 230 312 225 272 277 317 271 276 346 317 346 
226 104 313 97 222 178 339 161 233 185 361 188 259 230 312 225 272 277 317 271 276 346 317 346 
226 104 313 97 222 179 340 161 233 185 361 188 259 230 312 225 272 277 318 270 276 346 317 346 
227 104 313 97 223 179 340 161 233 185 361 189 259 230 312 225 272 277 318 270 276 346 317 346 
227 104 313 97 223 180 340 161 233 185 361 189 259 230 312 225 272 277 318 270 276 347 317 346 
227 104 313 97 225 181 340 161 234 185 361 189 259 230 312 225 272 277 318 270 276 347 317 346 
227 104 313 97 226 182 340 161 234 184 360 188 259 230 312 225 272 277 318 270 276 347 317 346 
227 104 313 98 227 184 340 161 234 184 359 188 259 230 312 225 272 277 318 270 276 347 317 346 
227 104 313 98 227 186 340 160 234 184 354 181 259 230 312 225 272 277 318 270 276 347 317 346 
228 104 313 98 227 188 340 161 233 184 352 179 259 230 312 225 272 277 317 269 276 347 317 346 
228 104 312 98 227 190 339 161 233 185 351 178 259 230 312 224 272 277 317 269 276 347 317 346 
228 104 311 98 227 190 337 161 233 185 350 178 259 230 312 224 272 276 317 269 276 347 317 346 
227 104 311 98 224 189 338 161 233 187 351 181 259 230 312 224 272 277 316 270 276 347 317 346 
227 104 311 98 223 189 338 161 233 186 351 181 259 230 312 224 271 277 316 271 275 347 316 346 
227 104 311 98 222 189 339 161 233 187 354 183 259 230 312 224 271 278 316 271 275 347 316 346 
227 104 311 98 222 189 339 162 233 187 354 183 259 230 312 224 271 278 316 271 275 347 316 346 
227 104 311 98 221 189 340 162 233 186 355 184 259 230 312 224 271 278 316 270 275 346 316 346 
226 104 311 98 221 189 340 162 233 187 355 185 259 230 312 224 271 278 316 270 275 346 316 346 
226 104 311 98 221 188 340 162 233 188 357 187 259 230 312 224 271 278 316 270 275 347 316 346 
226 104 311 98 221 188 340 162 233 188 361 189 259 230 312 224 271 278 316 270 276 347 316 346 
226 104 311 98 221 187 341 162 233 189 364 191 258 231 312 225 271 278 316 270 276 347 316 346 
226 104 311 98 221 186 341 162 232 189 364 191 258 230 312 225 271 278 316 271 275 347 316 346 
226 104 312 98 221 185 341 162 232 189 364 191 258 230 312 225 271 278 316 271 275 347 316 346 
226 104 312 98 221 185 341 162 232 190 363 191 258 230 312 225 271 278 316 271 274 347 316 346 
226 104 311 98 220 183 341 162 232 189 357 196 258 230 312 224 270 278 316 271 276 348 316 346 
226 103 311 98 220 179 341 162 232 190 356 200 258 230 311 224 270 278 316 271 275 348 316 346 
226 103 311 98 219 178 341 162 231 190 355 200 258 230 311 224 270 278 316 271 275 347 316 346 
226 103 312 98 218 177 341 162 231 190 354 199 258 230 311 224 270 278 316 271 276 348 316 346 
226 103 312 98 217 176 342 162 231 190 354 200 258 230 311 223 270 278 316 271 275 348 316 346 
227 103 312 97 217 176 342 161 231 190 354 200 259 230 311 223 271 278 316 271 276 348 316 346 
227 103 312 97 218 176 342 161 231 189 355 200 259 229 311 223 271 278 316 271 276 348 316 346 
227 102 312 97 219 176 342 161 231 189 355 200 259 229 311 223 271 278 316 271 276 347 316 346 
228 102 312 97 219 176 342 161 231 189 355 200 259 229 311 223 271 278 316 271 277 347 316 346 
228 102 312 97 220 177 342 161 231 189 359 195 259 229 311 223 271 278 316 271 277 347 316 346 
228 102 312 97 221 178 342 161 231 189 360 192 259 229 311 223 271 278 316 271 277 347 316 346 
228 103 311 99 222 179 342 161 231 187 360 190 259 229 311 223 272 278 316 271 277 347 316 346 
228 103 310 99 223 183 341 162 231 186 359 186 259 229 311 223 272 278 315 271 276 346 316 345 
227 103 311 99 223 183 341 162 231 187 360 187 259 229 311 223 272 278 315 271 276 346 316 345 
227 104 311 99 223 184 341 162 231 186 360 188 259 229 311 223 272 278 315 271 276 347 316 345 
227 104 310 99 224 184 341 162 231 186 360 188 259 229 311 223 272 278 315 271 277 347 316 345 
227 104 312 99 224 185 341 162 231 185 358 185 260 229 311 223 272 278 315 271 277 347 316 345 
227 104 312 99 225 187 341 162 233 185 356 183 260 230 311 223 272 278 315 271 277 347 316 345 
227 104 312 99 226 187 341 162 234 185 355 182 260 230 311 224 272 278 315 271 277 347 316 345 
227 104 311 99 226 188 340 161 234 185 354 179 260 230 311 224 272 278 315 271 277 346 316 345 
227 104 311 99 227 188 340 161 234 185 354 181 260 230 311 224 272 278 315 271 277 346 316 345 
227 104 310 99 227 188 340 162 234 185 354 181 260 230 311 224 272 278 315 271 277 346 316 345 
227 104 311 99 227 188 340 162 234 185 355 182 260 230 311 224 272 278 315 271 277 346 316 345 
227 104 311 99 227 188 340 162 234 187 356 184 260 230 311 224 272 278 315 271 277 346 316 345 
227 104 311 98 226 184 340 160 234 188 356 185 259 229 311 223 271 278 315 271 277 347 315 345 
226 104 309 98 225 183 340 160 234 189 355 195 259 229 311 223 271 278 315 272 276 347 315 345 
226 104 307 98 226 183 340 160 233 189 357 194 259 229 311 223 271 278 315 272 274 348 316 346 
226 103 306 98 226 184 340 161 233 187 357 188 259 229 311 223 271 278 315 272 274 348 316 346 
226 103 306 98 226 184 340 161 233 186 356 184 259 229 311 223 271 278 316 272 274 349 316 347 
227 103 306 99 226 184 340 161 233 185 356 184 259 229 311 223 271 278 316 272 273 349 316 347 
227 103 306 99 227 184 340 161 233 185 357 184 259 229 311 223 271 278 316 272 273 349 316 349 
227 103 306 99 227 184 340 161 233 185 358 184 259 229 312 223 271 278 316 272 274 350 316 350 
227 103 306 99 227 183 340 161 233 185 358 184 259 229 312 223 271 278 317 272 274 350 316 350 
227 103 306 99 227 183 340 161 232 184 358 184 259 229 312 223 271 278 317 272 274 350 316 350 
227 103 306 99 227 183 340 161 232 184 357 182 259 229 312 223 271 278 317 272 274 350 316 350 
227 103 306 99 227 183 340 161 232 184 357 182 259 229 312 223 271 278 317 272 274 350 316 350 
227 103 306 99 227 184 340 162 232 184 357 182 259 229 312 223 271 278 317 272 276 350 316 349 
227 103 309 99 227 184 340 162 232 183 357 182 259 229 312 224 271 278 317 272 277 350 317 348 
227 103 309 99 227 186 340 162 232 179 356 173 259 230 312 224 271 279 317 272 277 350 317 348 
227 103 308 99 227 188 340 162 232 178 355 174 259 230 312 224 271 279 317 272 277 350 317 348 
227 103 307 99 227 188 339 162 232 179 355 175 259 230 312 224 271 280 317 272 277 351 317 348 
227 103 306 99 227 188 339 160 231 179 354 171 259 230 312 224 272 280 317 272 278 351 317 348 
227 103 306 99 227 185 338 160 232 179 353 161 259 230 312 224 272 280 317 272 279 351 317 348 
227 103 306 99 227 184 339 160 233 181 353 170 259 230 312 224 272 281 317 272 280 352 317 349 
227 103 307 99 228 184 339 161 234 181 353 171 259 230 312 225 273 281 317 273 279 351 318 349 
227 103 308 99 229 183 339 161 236 181 353 171 259 230 312 225 273 280 317 273 279 351 318 349 
227 103 309 99 229 183 339 161 236 180 353 172 259 230 312 225 273 280 317 273 278 350 318 349 
228 103 310 99 229 183 339 161 235 180 353 166 259 230 312 226 273 280 317 273 278 349 318 348 
228 103 308 98 229 183 339 160 235 183 355 172 259 230 312 224 273 279 317 272 277 348 317 348 
227 103 307 98 229 183 339 160 235 186 358 180 259 229 312 224 273 279 317 272 277 348 317 348 
228 103 307 98 228 183 339 160 234 186 358 179 260 229 312 223 273 278 317 272 277 348 317 348 
228 103 307 98 228 184 339 160 234 186 358 179 260 229 312 223 273 278 317 272 277 348 317 348 
228 103 307 98 227 184 339 160 233 186 358 179 260 228 312 223 273 278 317 272 277 348 317 347 
228 103 307 98 227 184 339 160 233 186 357 180 260 228 312 223 273 278 317 272 279 349 317 347 
228 103 307 98 227 184 339 159 233 186 356 180 260 228 312 223 273 279 317 272 280 350 317 347 
228 103 307 98 227 184 339 159 233 186 356 180 260 228 312 223 273 279 317 272 281 351 317 347 
228 103 307 98 227 184 339 159 233 185 355 178 260 228 312 223 273 279 317 272 281 351 317 347 
228 103 307 98 227 185 339 159 233 185 354 175 260 228 312 223 273 279 317 272 281 351 317 347 
228 103 307 98 227 186 339 159 233 185 354 174 260 228 312 223 273 279 317 272 282 351 317 347 
228 103 307 98 227 186 339 159 233 185 354 174 260 229 312 223 273 280 317 272 282 352 317 347 
228 103 307 99 226 186 340 161 234 185 357 184 260 229 312 224 273 280 317 272 282 352 317 347 
228 103 307 99 227 186 340 162 241 183 357 184 260 230 312 224 273 280 318 272 282 352 318 347 
228 103 306 99 229 186 340 162 240 184 356 183 260 230 312 224 273 280 318 272 282 352 318 347 
228 103 306 99 229 185 340 162 239 184 356 183 260 230 312 224 274 280 318 272 282 352 318 347 
228 103 308 99 229 184 340 162 239 184 356 183 260 230 312 224 274 280 318 272 282 352 318 348 
228 103 310 98 229 183 340 162 239 185 356 183 260 230 312 224 274 281 318 272 282 352 318 349 
228 103 311 98 229 182 340 161 238 185 356 184 260 230 312 224 274 281 318 272 282 352 318 349 
228 103 311 98 229 181 340 161 238 188 358 186 260 230 312 224 274 281 318 272 282 352 318 349 
228 103 311 98 229 180 340 158 238 188 357 186 260 230 312 224 274 281 318 272 282 353 318 350 
228 103 312 98 229 180 340 157 238 188 356 184 260 230 312 224 274 282 318 272 283 353 318 350 
228 103 312 98 229 179 340 157 238 188 356 184 260 230 312 224 274 282 318 272 283 353 318 350 
228 103 312 97 230 179 340 157 238 189 356 185 260 230 312 224 274 282 318 272 283 353 318 350 
228 103 310 98 228 179 340 157 238 189 356 184 260 230 312 224 274 281 318 272 280 352 318 350 
228 103 309 98 227 179 340 158 236 189 356 185 260 230 312 224 274 280 318 272 278 351 318 350 
228 103 309 98 227 179 340 158 235 189 354 182 259 230 312 224 274 280 318 272 277 351 318 349 
228 103 309 98 227 179 340 158 234 189 354 180 259 230 312 224 274 280 318 272 277 350 318 349 
228 103 309 98 226 179 340 159 234 188 353 180 259 230 312 224 274 280 318 272 276 350 317 350 
228 103 309 98 225 179 340 160 233 188 353 180 259 230 312 224 274 279 318 272 276 350 317 349 
228 103 309 98 225 181 340 160 233 188 352 178 259 230 312 224 274 279 318 272 276 349 317 349 
228 103 309 98 225 182 340 160 233 187 352 178 259 230 312 224 273 279 317 272 276 349 317 348 
228 103 308 98 224 183 340 160 233 188 351 175 259 230 312 224 273 279 317 272 276 349 317 348 
228 103 308 98 224 183 340 159 232 188 351 170 259 230 312 224 273 279 317 273 276 349 317 348 
228 103 308 97 224 184 340 158 232 187 350 164 259 230 312 224 273 279 317 273 276 349 317 347 
228 103 308 97 224 185 340 158 232 187 350 165 259 230 312 224 273 279 317 272 276 349 317 347 
228 103 308 97 225 182 340 159 232 188 357 181 259 230 312 224 273 279 317 272 276 349 317 347 
228 103 310 97 225 179 340 160 232 188 361 187 259 230 312 224 273 279 317 272 279 349 317 347 
228 103 310 98 225 178 340 161 232 189 361 187 259 230 312 224 273 278 317 271 281 349 318 347 
228 103 310 98 225 178 340 161 232 189 362 187 259 230 312 224 273 278 318 271 280 349 318 347 
228 103 309 98 226 178 340 160 232 188 362 186 259 230 312 224 273 278 318 270 279 349 318 347 
228 103 308 98 226 178 340 159 232 187 361 186 259 230 312 224 273 278 318 270 278 349 318 347 
228 103 308 98 227 177 340 159 232 188 360 185 259 230 312 224 273 278 318 270 277 349 318 347 
228 103 310 98 227 177 340 158 232 188 360 185 259 229 312 224 273 278 318 270 277 349 318 347 
228 103 311 98 227 177 340 159 233 188 359 186 259 229 312 224 273 278 317 270 277 348 318 347 
228 103 312 98 227 177 340 158 233 189 359 186 259 229 312 224 273 278 317 271 276 348 318 347 
228 103 310 98 227 177 340 158 233 189 358 185 259 229 312 224 273 278 317 271 276 348 318 347 
228 103 310 97 227 177 340 157 233 189 357 183 259 229 312 224 273 278 317 271 276 348 318 347 
228 103 310 97 229 180 340 157 236 182 352 169 259 230 312 224 273 278 317 271 276 348 318 347 
228 103 309 97 231 181 341 158 238 176 350 159 259 230 312 224 273 278 317 271 276 349 318 347 
228 103 309 97 230 182 341 154 238 178 348 140 259 230 312 224 273 279 317 272 276 350 317 349 
228 103 309 96 232 183 341 153 238 175 347 140 259 230 312 224 273 280 317 272 276 350 317 349 
228 103 309 96 233 184 341 153 238 174 347 140 259 230 312 224 274 280 317 272 276 350 317 348 
228 103 309 96 233 184 341 152 238 174 346 137 259 230 312 224 274 279 317 272 276 349 317 348 
228 103 309 96 233 184 341 152 238 174 346 137 259 230 312 224 274 279 317 272 276 349 317 348 
228 103 308 96 230 185 341 153 237 175 347 140 259 230 312 224 274 279 317 272 276 349 317 348 
228 103 308 96 230 185 339 152 237 177 346 143 259 229 312 223 274 279 317 272 276 349 317 348 
228 103 308 96 230 185 338 155 237 182 346 160 259 229 312 223 274 279 317 272 276 349 317 348 
228 103 308 96 230 185 337 153 237 182 345 160 259 229 312 223 274 279 317 272 276 349 317 348 
228 103 307 96 231 184 337 154 238 182 345 159 259 229 311 223 274 279 317 273 275 349 317 348 
228 103 307 96 232 183 337 156 238 182 346 162 259 229 311 223 274 279 317 273 275 348 317 348 
228 103 307 97 233 183 337 157 238 184 350 172 259 229 311 223 274 279 317 272 275 348 317 348 
228 103 307 97 232 182 337 158 238 185 350 169 259 229 311 223 274 279 317 272 275 348 317 348 
228 103 307 97 233 181 337 158 238 184 349 167 259 229 311 223 274 279 317 272 275 348 317 348 
228 103 307 97 232 181 337 158 237 183 349 159 259 229 311 223 274 279 317 272 276 348 317 348 
229 103 308 97 233 180 337 158 238 183 347 157 259 229 311 223 274 279 317 272 276 348 318 348 
229 103 308 97 233 180 337 158 238 182 347 153 259 229 311 223 274 279 317 272 276 348 318 348 
229 103 308 97 232 180 337 158 237 184 347 155 259 229 311 223 274 279 317 272 276 349 318 348 
228 103 308 98 231 179 337 158 236 185 347 166 259 229 311 223 274 279 317 272 276 349 318 348 
228 103 308 98 231 178 337 158 236 185 347 166 259 229 311 223 274 279 317 272 277 349 318 348 
228 103 308 98 231 178 337 158 236 186 347 165 259 229 311 223 274 279 317 272 277 349 318 348 
228 103 308 98 230 177 337 158 235 186 348 165 259 229 311 223 274 279 317 272 277 349 318 348 
228 103 306 98 229 177 337 157 234 188 352 177 259 229 311 223 274 280 317 273 277 350 318 350 
228 103 305 98 228 178 337 156 233 189 352 174 259 228 311 222 274 281 316 274 277 351 317 351 
227 103 305 97 227 177 337 152 233 188 347 157 259 228 311 221 274 281 315 275 280 352 317 351 
227 103 306 97 227 177 337 152 232 187 347 158 259 228 310 221 274 282 315 275 280 352 317 351 
227 103 306 97 225 177 337 152 231 187 347 161 259 228 310 221 274 283 315 275 281 354 317 351 
227 103 306 97 225 177 337 153 231 187 347 163 259 228 310 221 274 283 315 275 283 355 317 351 
228 103 306 97 226 177 337 153 232 186 347 163 259 228 310 221 274 283 315 275 283 355 317 351 
228 103 306 97 228 178 337 153 232 185 347 164 259 228 310 221 274 283 315 275 283 355 317 351 
228 103 306 97 228 178 336 153 232 185 347 166 259 228 310 221 274 283 315 275 284 355 318 349 
228 103 306 97 229 179 336 153 232 185 346 165 259 228 310 221 274 283 315 275 284 355 318 348 
228 103 306 97 229 179 336 154 233 185 347 168 259 228 310 221 274 283 316 274 283 355 318 347 
228 103 306 97 230 179 336 155 233 185 347 169 259 228 310 221 274 283 316 274 283 355 318 347 
228 103 307 97 224 177 336 155 232 187 349 170 259 228 310 221 274 281 316 273 283 351 318 346 
228 103 307 97 221 174 338 155 231 189 353 174 259 228 310 221 274 281 316 273 276 349 318 345 
228 102 308 97 220 173 340 153 231 189 354 173 260 228 310 221 274 280 317 273 277 348 318 345 
228 102 310 97 220 174 338 151 234 189 353 152 260 227 309 222 285 263 319 266 287 333 317 338 
-1 -1 -1 -1 -1 -1 -1 -1 -1 -1 -1 -1 -1 -1 -1 -1 -1 -1 -1 -1 -1 -1 -1 -1 
558 36 571 23 528 131 531 114 493 177 474 162 540 190 542 179 553 279 506 246 554 370 507 320 
611 43 506 26 598 137 474 88 574 209 459 162 569 184 520 173 569 261 490 250 573 313 522 287 
599 48 494 33 602 151 465 93 595 232 452 162 563 190 508 177 567 262 488 260 560 332 511 346 
-1 -1 -1 -1 -1 -1 -1 -1 -1 -1 -1 -1 -1 -1 -1 -1 -1 -1 -1 -1 -1 -1 -1 -1 
-1 -1 -1 -1 -1 -1 -1 -1 -1 -1 -1 -1 -1 -1 -1 -1 -1 -1 -1 -1 -1 -1 -1 -1 
587 77 448 81 597 204 402 162 604 262 406 185 531 218 445 201 468 259 325 203 358 444 277 372 
-1 -1 -1 -1 -1 -1 -1 -1 -1 -1 -1 -1 -1 -1 -1 -1 -1 -1 -1 -1 -1 -1 -1 -1 
568 136 398 88 591 245 314 169 588 253 306 208 512 236 418 205 504 216 328 155 377 427 295 356 
572 145 360 100 606 244 288 196 595 231 257 189 512 232 399 200 528 216 318 116 350 415 303 331 
542 110 320 67 594 244 223 188 614 287 145 301 470 211 354 187 526 213 301 164 352 378 322 294 
510 64 263 23 588 197 164 185 615 279 66 333 429 213 318 189 523 234 276 254 329 343 299 286 
-1 -1 -1 -1 -1 -1 -1 -1 -1 -1 -1 -1 -1 -1 -1 -1 -1 -1 -1 -1 -1 -1 -1 -1 
604 46 479 28 608 158 439 100 618 254 424 188 544 191 487 176 536 274 475 256 525 316 485 289 
616 45 481 29 604 158 446 103 616 248 436 186 548 191 487 176 536 273 475 253 527 294 487 260 
619 53 487 31 609 157 447 104 616 240 443 184 555 190 487 176 552 273 469 255 537 279 492 239 
622 57 492 32 609 157 448 104 611 241 447 179 562 181 492 169 567 264 468 254 549 262 501 234 
623 56 491 32 610 155 447 103 607 242 445 180 561 182 482 170 565 263 468 251 547 247 500 227 
621 55 484 32 609 152 438 103 595 225 444 180 557 183 477 176 567 240 463 251 558 258 501 235 
-1 -1 -1 -1 -1 -1 -1 -1 -1 -1 -1 -1 -1 -1 -1 -1 -1 -1 -1 -1 -1 -1 -1 -1 
438 181 568 211 429 97 617 183 425 48 610 276 508 35 568 47 512 -20 576 -18 537 -77 595 -82 
514 189 486 200 562 124 534 173 546 117 564 238 547 35 539 38 537 4 549 -4 558 -37 565 -53 
474 177 519 211 505 84 543 174 491 47 579 230 538 33 548 40 532 -1 565 -4 554 -45 568 -53 
473 193 533 226 474 110 584 175 452 88 586 231 526 51 555 58 464 62 527 76 500 31 545 12 
449 189 562 222 436 104 622 153 452 34 645 130 521 49 572 57 497 28 566 15 507 -85 593 -76 
412 257 483 303 401 180 482 300 365 110 401 348 483 92 527 101 494 20 526 14 503 -40 544 -56 
386 257 490 317 392 161 537 281 391 94 513 316 470 94 526 107 470 23 513 21 486 -24 529 -40 
-1 -1 -1 -1 -1 -1 -1 -1 -1 -1 -1 -1 -1 -1 -1 -1 -1 -1 -1 -1 -1 -1 -1 -1 
-1 -1 -1 -1 -1 -1 -1 -1 -1 -1 -1 -1 -1 -1 -1 -1 -1 -1 -1 -1 -1 -1 -1 -1 
605 75 489 45 595 175 445 127 587 248 447 187 549 197 487 184 556 285 475 275 538 297 501 272 
585 52 483 37 569 157 451 123 549 219 448 187 534 194 485 185 578 205 504 211 561 267 532 253 
-1 -1 -1 -1 -1 -1 -1 -1 -1 -1 -1 -1 -1 -1 -1 -1 -1 -1 -1 -1 -1 -1 -1 -1 
-1 -1 -1 -1 -1 -1 -1 -1 -1 -1 -1 -1 -1 -1 -1 -1 -1 -1 -1 -1 -1 -1 -1 -1 
-1 -1 -1 -1 -1 -1 -1 -1 -1 -1 -1 -1 -1 -1 -1 -1 -1 -1 -1 -1 -1 -1 -1 -1 
598 71 494 37 599 182 452 123 604 281 439 192 538 207 487 187 512 269 472 238 511 297 476 271 
583 58 470 36 573 166 444 122 552 240 427 191 524 206 472 192 551 222 482 226 533 281 502 271 
580 49 463 35 565 153 444 118 533 183 428 191 526 187 470 187 569 180 470 220 563 279 508 268 
577 48 464 28 565 150 440 116 536 208 429 190 525 190 467 187 568 190 468 225 558 274 515 268 
572 51 461 36 557 155 438 121 527 216 430 193 525 191 467 189 564 184 470 210 555 260 518 246 
574 53 459 39 564 158 436 121 541 243 429 193 526 194 469 194 561 190 470 214 556 254 522 250 
570 39 486 24 551 145 450 117 522 174 437 187 526 190 480 191 573 172 499 178 559 259 543 249 
553 42 485 26 541 148 450 119 519 181 442 183 517 190 479 191 567 157 519 162 556 258 551 252 
-1 -1 -1 -1 -1 -1 -1 -1 -1 -1 -1 -1 -1 -1 -1 -1 -1 -1 -1 -1 -1 -1 -1 -1 
594 60 548 55 568 153 493 144 556 203 462 189 534 202 508 199 547 250 535 235 541 303 526 284 
593 69 557 75 553 182 494 178 553 269 483 224 532 214 511 221 512 256 502 260 492 280 482 283 
593 77 553 71 556 212 489 173 553 328 470 223 522 231 500 226 492 278 478 272 487 297 466 303 
-1 -1 -1 -1 -1 -1 -1 -1 -1 -1 -1 -1 -1 -1 -1 -1 -1 -1 -1 -1 -1 -1 -1 -1 
432 191 562 222 431 107 598 136 432 84 599 63 495 59 553 66 486 19 550 9 506 -13 547 -24 
-1 -1 -1 -1 -1 -1 -1 -1 -1 -1 -1 -1 -1 -1 -1 -1 -1 -1 -1 -1 -1 -1 -1 -1 
439 193 569 225 439 111 604 148 447 59 598 110 495 64 553 69 488 20 549 16 508 -9 550 -22 
439 189 573 224 443 96 619 146 452 26 619 68 498 61 562 70 500 16 564 20 510 -9 563 -15 
-1 -1 -1 -1 -1 -1 -1 -1 -1 -1 -1 -1 -1 -1 -1 -1 -1 -1 -1 -1 -1 -1 -1 -1 
597 74 558 75 557 173 497 165 556 244 500 197 531 219 511 220 523 281 518 273 512 339 500 333 
-1 -1 -1 -1 -1 -1 -1 -1 -1 -1 -1 -1 -1 -1 -1 -1 -1 -1 -1 -1 -1 -1 -1 -1 
-1 -1 -1 -1 -1 -1 -1 -1 -1 -1 -1 -1 -1 -1 -1 -1 -1 -1 -1 -1 -1 -1 -1 -1 
605 71 559 62 546 148 496 123 536 156 471 137 547 203 517 204 573 237 533 248 555 316 534 322 
-1 -1 -1 -1 -1 -1 -1 -1 -1 -1 -1 -1 -1 -1 -1 -1 -1 -1 -1 -1 -1 -1 -1 -1 
-1 -1 -1 -1 -1 -1 -1 -1 -1 -1 -1 -1 -1 -1 -1 -1 -1 -1 -1 -1 -1 -1 -1 -1 
608 64 528 41 599 113 485 83 587 62 467 96 574 155 520 144 561 218 490 218 568 330 507 312 
613 73 535 42 610 93 495 71 605 45 473 73 583 155 529 144 575 200 499 223 570 327 535 317 
614 79 539 43 612 92 502 65 603 45 476 68 584 157 533 144 578 204 508 229 570 327 538 321 
-1 -1 -1 -1 -1 -1 -1 -1 -1 -1 -1 -1 -1 -1 -1 -1 -1 -1 -1 -1 -1 -1 -1 -1 
-1 -1 -1 -1 -1 -1 -1 -1 -1 -1 -1 -1 -1 -1 -1 -1 -1 -1 -1 -1 -1 -1 -1 -1 
-1 -1 -1 -1 -1 -1 -1 -1 -1 -1 -1 -1 -1 -1 -1 -1 -1 -1 -1 -1 -1 -1 -1 -1 
-1 -1 -1 -1 -1 -1 -1 -1 -1 -1 -1 -1 -1 -1 -1 -1 -1 -1 -1 -1 -1 -1 -1 -1 
-1 -1 -1 -1 -1 -1 -1 -1 -1 -1 -1 -1 -1 -1 -1 -1 -1 -1 -1 -1 -1 -1 -1 -1 
-1 -1 -1 -1 -1 -1 -1 -1 -1 -1 -1 -1 -1 -1 -1 -1 -1 -1 -1 -1 -1 -1 -1 -1 
-1 -1 -1 -1 -1 -1 -1 -1 -1 -1 -1 -1 -1 -1 -1 -1 -1 -1 -1 -1 -1 -1 -1 -1 
-1 -1 -1 -1 -1 -1 -1 -1 -1 -1 -1 -1 -1 -1 -1 -1 -1 -1 -1 -1 -1 -1 -1 -1 
-1 -1 -1 -1 -1 -1 -1 -1 -1 -1 -1 -1 -1 -1 -1 -1 -1 -1 -1 -1 -1 -1 -1 -1 
-1 -1 -1 -1 -1 -1 -1 -1 -1 -1 -1 -1 -1 -1 -1 -1 -1 -1 -1 -1 -1 -1 -1 -1 
-1 -1 -1 -1 -1 -1 -1 -1 -1 -1 -1 -1 -1 -1 -1 -1 -1 -1 -1 -1 -1 -1 -1 -1 
-1 -1 -1 -1 -1 -1 -1 -1 -1 -1 -1 -1 -1 -1 -1 -1 -1 -1 -1 -1 -1 -1 -1 -1 
-1 -1 -1 -1 -1 -1 -1 -1 -1 -1 -1 -1 -1 -1 -1 -1 -1 -1 -1 -1 -1 -1 -1 -1 
-1 -1 -1 -1 -1 -1 -1 -1 -1 -1 -1 -1 -1 -1 -1 -1 -1 -1 -1 -1 -1 -1 -1 -1 
-1 -1 -1 -1 -1 -1 -1 -1 -1 -1 -1 -1 -1 -1 -1 -1 -1 -1 -1 -1 -1 -1 -1 -1 
-1 -1 -1 -1 -1 -1 -1 -1 -1 -1 -1 -1 -1 -1 -1 -1 -1 -1 -1 -1 -1 -1 -1 -1 
-1 -1 -1 -1 -1 -1 -1 -1 -1 -1 -1 -1 -1 -1 -1 -1 -1 -1 -1 -1 -1 -1 -1 -1 
-1 -1 -1 -1 -1 -1 -1 -1 -1 -1 -1 -1 -1 -1 -1 -1 -1 -1 -1 -1 -1 -1 -1 -1 
-1 -1 -1 -1 -1 -1 -1 -1 -1 -1 -1 -1 -1 -1 -1 -1 -1 -1 -1 -1 -1 -1 -1 -1 
-1 -1 -1 -1 -1 -1 -1 -1 -1 -1 -1 -1 -1 -1 -1 -1 -1 -1 -1 -1 -1 -1 -1 -1 
-1 -1 -1 -1 -1 -1 -1 -1 -1 -1 -1 -1 -1 -1 -1 -1 -1 -1 -1 -1 -1 -1 -1 -1 
-1 -1 -1 -1 -1 -1 -1 -1 -1 -1 -1 -1 -1 -1 -1 -1 -1 -1 -1 -1 -1 -1 -1 -1 
-1 -1 -1 -1 -1 -1 -1 -1 -1 -1 -1 -1 -1 -1 -1 -1 -1 -1 -1 -1 -1 -1 -1 -1 
-1 -1 -1 -1 -1 -1 -1 -1 -1 -1 -1 -1 -1 -1 -1 -1 -1 -1 -1 -1 -1 -1 -1 -1 
-1 -1 -1 -1 -1 -1 -1 -1 -1 -1 -1 -1 -1 -1 -1 -1 -1 -1 -1 -1 -1 -1 -1 -1 
-1 -1 -1 -1 -1 -1 -1 -1 -1 -1 -1 -1 -1 -1 -1 -1 -1 -1 -1 -1 -1 -1 -1 -1 
-1 -1 -1 -1 -1 -1 -1 -1 -1 -1 -1 -1 -1 -1 -1 -1 -1 -1 -1 -1 -1 -1 -1 -1 
-1 -1 -1 -1 -1 -1 -1 -1 -1 -1 -1 -1 -1 -1 -1 -1 -1 -1 -1 -1 -1 -1 -1 -1 
-1 -1 -1 -1 -1 -1 -1 -1 -1 -1 -1 -1 -1 -1 -1 -1 -1 -1 -1 -1 -1 -1 -1 -1 
-1 -1 -1 -1 -1 -1 -1 -1 -1 -1 -1 -1 -1 -1 -1 -1 -1 -1 -1 -1 -1 -1 -1 -1 
-1 -1 -1 -1 -1 -1 -1 -1 -1 -1 -1 -1 -1 -1 -1 -1 -1 -1 -1 -1 -1 -1 -1 -1 
-1 -1 -1 -1 -1 -1 -1 -1 -1 -1 -1 -1 -1 -1 -1 -1 -1 -1 -1 -1 -1 -1 -1 -1 
