392 111 467 131 354 157 477 170 335 175 483 129 387 230 427 241 361 274 408 273 358 344 402 339 
385 111 470 130 347 161 475 181 328 203 456 185 382 237 427 243 359 278 399 277 360 346 401 339 
383 111 471 130 346 164 474 183 327 209 460 167 379 239 427 244 357 284 398 281 360 348 401 343 
383 111 472 129 346 164 474 183 324 210 461 167 379 241 427 244 361 278 399 280 361 346 401 343 
383 111 472 129 346 162 473 182 325 207 461 169 378 242 427 245 361 278 399 279 361 344 401 343 
383 111 472 128 346 165 469 185 324 210 453 208 378 241 426 246 364 277 400 279 361 344 400 342 
382 111 472 127 345 164 468 186 320 211 453 213 377 241 425 246 365 274 400 279 361 341 399 342 
382 111 471 127 345 164 466 186 318 211 454 213 376 240 425 246 366 274 399 279 361 341 399 343 
382 111 471 127 344 164 466 187 319 210 453 212 376 241 423 247 366 274 399 279 361 343 399 344 
381 112 470 127 344 165 465 187 317 213 453 214 376 241 423 247 367 274 398 279 362 343 399 344 
380 112 470 127 344 165 465 187 316 214 451 214 376 242 423 247 367 275 398 279 362 343 398 344 
380 112 470 127 344 166 464 187 316 215 451 210 376 242 423 247 364 280 398 279 362 343 398 343 
380 112 470 127 344 167 464 187 319 214 451 208 376 242 423 247 366 277 398 278 362 335 399 341 
379 112 471 126 344 168 463 187 323 212 452 206 376 242 423 247 364 277 398 278 363 336 399 341 
379 113 471 126 343 168 464 187 326 202 452 204 376 243 423 247 363 277 398 278 363 337 399 341 
380 114 471 126 343 168 472 183 326 203 453 197 376 244 423 247 363 277 398 278 366 337 399 341 
380 114 471 126 343 168 472 178 326 206 453 168 376 244 423 247 363 277 398 278 366 338 398 341 
380 114 471 126 342 168 468 179 326 207 452 174 376 244 423 247 362 278 398 279 366 339 398 341 
380 114 471 125 342 168 466 181 326 208 453 189 376 244 423 247 362 279 398 279 366 340 398 342 
380 114 471 125 342 167 464 182 326 208 451 195 376 244 423 247 361 279 398 279 366 342 398 342 
380 114 471 125 342 167 463 182 325 208 451 194 376 244 423 247 361 281 398 280 366 343 398 343 
380 114 471 125 342 167 463 183 325 208 451 194 376 244 423 247 360 284 398 281 366 346 398 345 
380 114 471 125 342 167 463 182 325 207 451 194 376 244 423 247 359 286 398 281 366 348 398 345 
380 114 472 125 342 166 463 182 325 207 451 194 376 244 423 247 358 286 398 281 366 350 399 346 
380 114 471 125 342 166 463 182 325 207 451 194 377 244 423 247 357 287 397 282 366 352 398 347 
380 114 471 125 342 167 463 179 325 207 451 163 377 244 424 247 356 287 397 283 367 353 398 348 
380 114 471 125 343 167 465 171 324 208 455 134 377 244 424 247 356 288 397 283 367 353 398 348 
380 114 471 125 343 167 472 159 324 208 456 140 377 244 424 247 355 288 396 283 367 353 398 348 
380 114 471 125 343 168 470 163 324 208 456 154 377 244 424 247 355 288 396 283 368 353 398 348 
380 114 471 125 343 167 476 145 324 209 461 123 378 243 425 247 355 288 396 283 368 353 398 348 
380 114 471 125 343 167 478 148 324 209 462 128 379 243 426 247 355 288 396 283 368 352 398 348 
380 114 471 125 343 166 475 154 324 209 461 139 379 243 426 247 355 288 396 283 369 352 398 348 
380 114 471 125 343 165 471 169 324 208 461 149 379 243 426 247 355 288 396 283 369 351 398 348 
381 114 471 125 343 164 468 178 324 207 458 170 379 243 426 247 355 287 396 283 369 351 398 348 
381 114 471 125 343 164 466 180 322 208 457 174 380 243 427 246 355 286 396 283 369 350 398 348 
381 114 471 125 343 163 466 178 322 208 456 175 380 243 427 246 355 286 396 283 370 350 398 347 
381 114 472 125 343 163 466 180 322 208 456 190 380 243 428 246 355 286 396 283 370 350 398 346 
381 114 472 125 343 163 465 181 320 212 456 187 381 243 428 246 355 286 395 283 371 350 398 345 
381 114 472 125 344 163 465 182 319 213 456 187 381 243 428 246 355 285 395 283 371 349 398 344 
381 114 472 125 344 164 465 182 320 213 456 189 381 243 428 246 355 284 395 283 372 348 398 344 
381 114 472 125 344 164 465 182 321 212 456 192 381 243 428 246 356 283 395 283 371 348 398 344 
381 114 472 125 344 164 465 182 322 212 455 191 381 242 428 246 356 283 395 283 371 347 398 344 
381 114 472 125 344 165 465 182 321 214 455 193 381 242 428 246 356 283 395 283 371 347 398 344 
381 114 472 125 344 165 465 183 322 213 454 191 381 242 428 246 357 282 395 283 371 347 398 344 
381 114 472 126 344 165 465 183 322 213 453 190 381 242 428 246 357 282 396 283 371 347 398 344 
381 114 472 126 344 165 464 184 321 214 453 192 381 242 428 246 357 282 396 283 371 347 398 344 
381 114 472 126 344 166 464 184 321 214 453 191 381 242 428 246 357 282 396 283 371 347 398 344 
381 114 472 126 344 165 464 184 320 214 452 195 381 242 428 246 357 282 396 283 371 347 398 344 
381 114 472 126 344 165 464 185 320 214 452 203 381 242 428 246 358 282 396 283 371 346 398 344 
380 114 471 126 344 165 464 185 321 213 452 204 381 242 428 245 358 282 396 283 371 346 398 344 
380 114 471 126 344 165 464 185 321 213 452 205 380 242 428 245 358 282 397 282 371 346 398 344 
380 114 471 126 344 165 464 185 322 213 452 205 380 242 428 245 359 282 397 282 371 346 398 344 
380 114 471 126 344 165 464 185 322 212 452 205 380 242 428 245 359 282 397 282 370 346 398 344 
380 113 471 126 344 165 464 185 321 213 452 204 380 242 428 245 359 282 397 282 370 346 398 344 
380 113 471 126 344 164 464 185 321 213 452 204 380 242 428 245 359 282 397 282 370 345 398 344 
380 113 471 126 344 164 464 185 321 213 452 204 380 242 428 245 359 282 397 282 369 345 398 344 
380 113 471 126 344 164 464 185 321 213 452 203 380 242 428 245 359 282 397 282 369 345 398 344 
380 113 472 126 344 164 464 185 321 213 452 203 380 242 428 245 360 282 397 282 369 344 398 344 
380 113 472 126 344 164 464 185 321 213 452 203 380 242 428 245 360 282 397 282 368 344 398 344 
380 113 472 126 344 163 464 186 321 213 452 203 380 242 428 245 360 282 397 282 368 344 398 344 
380 113 471 125 344 163 465 180 320 213 454 168 380 242 428 245 360 281 397 281 368 344 397 344 
380 113 471 125 344 163 465 181 320 213 454 177 380 243 428 245 360 281 397 281 368 344 397 343 
380 113 471 125 344 163 464 181 320 213 456 188 380 243 427 246 360 281 396 281 369 344 397 343 
380 113 471 125 344 163 464 182 321 209 456 190 380 244 427 246 360 283 396 281 369 345 396 343 
380 113 471 125 344 163 464 182 321 209 456 190 380 244 427 246 359 284 396 281 369 346 396 343 
380 113 471 125 344 163 463 182 320 209 456 192 380 244 427 246 359 284 396 281 370 346 396 343 
380 114 470 126 344 163 463 182 321 208 455 192 380 244 426 246 360 285 396 281 370 346 396 343 
380 114 470 126 344 163 463 182 321 208 455 191 380 244 426 246 360 285 396 281 370 347 396 343 
380 114 470 126 344 163 463 182 321 208 455 190 380 244 426 246 360 286 396 281 370 347 396 343 
380 114 470 126 344 163 463 182 321 208 455 190 380 244 426 246 359 286 396 281 370 347 396 343 
380 114 470 126 344 163 463 182 321 207 455 191 380 244 426 246 359 286 396 281 370 347 395 343 
380 114 470 126 344 163 463 182 321 208 455 191 380 244 426 246 359 286 396 281 370 347 395 343 
380 114 470 126 345 164 463 183 321 210 455 201 380 244 426 246 359 287 396 281 369 347 396 343 
380 114 470 126 344 165 463 183 321 211 455 206 380 244 426 246 359 286 396 282 367 347 396 344 
380 114 470 126 344 165 463 184 321 212 455 207 380 244 426 246 358 286 396 282 367 348 397 344 
380 114 470 126 343 165 463 184 321 212 455 208 380 244 426 246 358 286 396 283 366 347 397 344 
380 114 470 126 343 165 463 184 321 213 455 208 380 244 426 246 358 287 396 283 366 347 397 345 
380 114 470 126 343 165 463 184 322 212 455 206 379 244 426 246 358 286 396 283 366 347 398 345 
380 114 470 126 343 165 463 185 322 211 456 206 379 244 426 246 358 287 396 284 366 347 398 345 
380 114 470 126 343 165 463 185 322 211 455 206 379 244 426 247 358 287 396 284 365 348 398 345 
380 114 470 127 343 165 464 185 322 211 455 206 379 244 426 247 358 288 396 284 365 348 398 345 
379 114 470 127 343 165 464 185 321 212 455 205 379 244 426 247 357 288 396 285 365 348 398 345 
379 114 470 127 343 165 464 185 321 212 455 204 379 244 426 247 357 288 396 285 365 349 398 345 
379 114 470 127 343 165 464 185 321 213 455 204 379 244 426 247 357 289 396 285 365 349 398 345 
379 115 470 127 344 166 464 185 321 213 455 204 379 245 426 247 357 289 396 285 366 349 398 345 
379 115 470 126 344 167 463 185 321 213 455 203 380 245 426 247 357 290 396 285 367 349 398 345 
379 115 470 126 344 167 463 185 321 213 455 200 380 245 426 247 357 290 396 285 367 349 398 345 
379 115 470 126 344 167 463 185 322 212 456 200 380 245 426 247 357 290 396 285 368 349 398 345 
379 115 470 127 344 167 463 185 322 212 456 198 380 245 426 247 357 290 396 284 368 349 398 345 
379 115 470 127 344 167 463 185 322 211 457 196 380 245 426 247 357 290 396 284 368 349 398 345 
379 115 470 127 344 167 463 185 322 211 456 196 380 245 426 247 357 290 396 284 368 349 398 345 
379 115 470 127 344 168 463 185 322 211 456 197 379 245 426 247 357 290 396 284 368 349 398 345 
379 115 470 127 344 168 463 185 322 212 456 197 379 244 426 247 357 289 396 284 368 349 398 345 
379 115 470 127 344 169 463 185 323 213 455 197 379 244 426 246 357 288 396 284 368 349 398 345 
379 115 470 127 344 169 463 185 323 213 455 197 379 244 426 246 357 288 396 284 368 349 398 345 
378 115 470 127 344 169 463 185 323 214 455 197 379 244 426 246 357 287 396 284 368 349 398 345 
378 115 470 127 344 170 463 185 322 215 455 200 379 244 426 246 356 287 396 284 368 349 398 345 
378 115 470 127 344 170 463 186 321 216 454 201 379 244 426 246 356 287 396 284 368 349 398 346 
378 115 470 127 344 170 463 186 321 216 454 202 379 244 426 246 355 287 396 284 368 349 398 346 
378 115 470 127 344 171 463 186 321 216 454 201 378 244 426 246 355 288 396 285 368 350 398 346 
378 115 470 127 344 171 463 186 321 216 454 202 378 244 426 246 355 288 396 285 368 350 398 346 
378 115 470 127 344 171 463 186 321 217 454 202 378 244 426 246 355 289 396 285 368 350 398 346 
378 115 470 127 344 171 463 186 321 217 453 203 378 244 426 246 355 288 395 285 368 350 398 346 
378 115 470 127 344 171 464 186 321 217 453 203 378 244 426 246 355 288 395 285 367 350 398 346 
378 115 470 127 344 171 464 186 321 217 453 203 378 244 426 246 355 288 395 285 367 350 398 346 
378 115 470 127 344 171 464 186 321 217 453 201 378 244 426 246 355 288 395 285 367 350 398 346 
378 115 470 127 344 171 464 186 320 217 453 201 378 244 426 246 355 288 395 285 367 350 398 346 
378 115 470 127 344 171 464 186 320 217 453 200 378 244 426 246 354 288 395 285 367 350 398 346 
378 115 470 127 344 171 464 186 321 217 453 200 378 244 426 246 356 288 395 285 367 349 398 346 
378 115 470 127 344 171 463 186 321 217 453 202 378 244 426 246 356 287 396 284 367 349 398 346 
378 115 470 127 344 171 463 186 321 218 453 204 378 244 427 246 356 287 396 284 368 350 398 345 
378 115 470 127 344 171 463 186 322 218 453 204 378 244 427 246 356 287 396 284 368 350 398 345 
378 115 470 127 344 171 463 186 322 218 453 205 378 244 427 246 356 287 396 284 368 350 398 345 
378 115 470 127 344 171 463 186 322 218 453 205 378 244 427 246 356 288 396 284 368 350 398 346 
378 115 470 127 344 171 463 186 322 218 453 205 378 244 427 246 356 288 396 284 368 350 398 346 
378 115 470 127 344 171 463 186 322 218 453 203 378 244 427 246 356 288 396 284 368 350 398 346 
378 115 470 127 344 171 463 186 322 218 453 202 378 244 427 246 356 288 396 284 368 350 398 346 
378 115 470 128 344 171 463 186 322 218 453 201 378 244 427 246 356 288 396 284 368 351 398 346 
378 115 470 128 344 171 463 186 323 218 453 201 378 244 427 246 356 289 396 284 368 351 398 346 
378 115 470 128 344 171 463 186 323 218 453 201 378 244 427 246 356 289 396 284 368 351 398 346 
378 115 470 127 345 171 463 186 322 218 453 198 378 244 427 246 356 287 396 284 368 350 398 346 
378 115 470 127 345 171 463 186 322 218 453 198 378 244 427 246 356 286 396 284 368 349 398 346 
378 115 470 127 345 171 463 186 322 218 453 199 378 244 427 246 356 286 395 284 368 349 398 346 
378 115 470 127 345 171 463 186 322 218 452 199 378 244 427 247 356 286 395 284 368 349 398 346 
378 115 470 127 345 171 463 186 322 218 452 199 378 244 427 247 356 286 395 284 368 349 398 346 
378 115 470 127 345 171 463 186 322 218 451 199 378 244 427 247 356 286 395 284 367 349 398 346 
378 115 470 127 345 171 463 186 322 218 451 199 378 244 427 247 356 286 395 284 367 349 398 346 
378 115 470 127 345 171 463 186 321 218 452 199 378 244 427 246 356 286 395 284 367 349 398 346 
378 114 470 127 345 170 463 186 320 218 452 199 378 244 427 246 356 286 395 284 367 349 398 346 
378 114 470 127 345 170 463 186 320 217 452 199 378 243 427 246 356 286 395 284 367 349 398 346 
378 114 470 127 345 170 463 186 321 217 452 202 378 243 427 246 356 286 395 284 367 349 398 346 
378 114 470 127 345 170 463 186 321 217 452 201 378 243 427 246 356 286 395 284 367 348 398 346 
378 114 470 127 345 170 463 186 322 213 453 199 378 243 427 246 356 286 395 283 367 348 398 345 
378 114 470 127 345 170 463 186 322 213 453 201 378 242 427 246 356 285 396 283 367 348 397 345 
378 114 470 127 345 170 463 186 322 212 453 201 378 242 427 246 356 285 396 282 367 348 397 345 
378 115 470 127 345 170 463 186 322 212 453 202 378 242 427 246 356 285 396 282 367 348 397 344 
378 115 470 127 345 170 463 186 322 212 453 201 378 242 427 246 356 285 397 282 368 348 397 344 
378 115 470 127 344 170 463 186 322 213 453 200 379 242 427 246 356 285 397 281 368 348 397 343 
378 115 471 127 344 170 463 186 322 213 453 199 379 242 427 245 356 285 397 281 368 348 397 343 
378 115 471 127 344 170 463 186 322 213 453 199 379 242 427 245 356 285 397 281 369 348 397 343 
378 115 471 127 344 170 463 186 322 213 453 201 379 242 428 245 356 285 397 281 369 349 397 343 
378 114 471 127 344 170 463 186 322 214 453 202 379 242 428 245 356 285 397 281 369 349 397 343 
378 114 471 127 344 170 463 186 322 214 453 202 379 242 428 245 356 285 397 281 369 349 397 343 
378 114 471 127 344 170 463 186 322 214 453 202 379 242 428 245 356 286 397 281 369 349 397 344 
378 114 471 127 344 170 463 186 322 214 453 203 379 242 428 245 356 286 397 282 368 348 397 344 
378 114 471 127 345 170 463 186 322 214 453 204 379 242 428 245 356 286 397 282 368 348 397 344 
378 114 471 127 345 170 463 187 322 214 453 205 379 242 428 245 356 286 397 282 368 348 397 344 
378 114 471 127 345 170 463 187 322 215 453 205 379 242 428 245 356 285 397 282 367 347 397 345 
378 114 471 127 345 170 463 187 323 215 453 205 379 242 428 245 356 285 397 282 367 347 397 345 
379 114 471 127 345 170 463 187 323 215 453 205 379 242 428 245 356 285 397 282 367 347 397 345 
379 114 471 127 345 170 463 187 323 215 452 205 379 242 428 245 356 285 397 282 366 347 397 345 
379 114 471 127 345 170 463 187 323 215 452 205 379 242 428 245 356 284 396 282 366 346 397 345 
379 114 471 127 345 170 463 187 323 215 452 205 379 242 428 245 356 284 396 282 366 346 397 345 
379 114 471 127 345 170 463 187 323 215 452 205 379 242 428 245 356 284 396 282 366 346 398 345 
379 114 471 127 345 170 463 187 323 215 452 205 379 242 428 245 356 284 396 282 366 346 398 345 
379 114 471 127 345 170 463 187 323 215 452 202 379 242 428 245 356 284 396 282 366 346 398 345 
379 114 471 127 345 170 463 187 322 215 452 203 379 242 428 246 357 285 396 282 368 348 398 345 
379 114 471 127 345 169 464 186 321 216 452 203 379 243 428 246 357 286 396 282 369 350 398 345 
379 114 471 127 345 169 464 186 321 216 452 204 379 243 428 246 357 286 396 283 369 350 398 345 
379 114 471 127 345 168 464 186 321 216 452 204 379 243 428 246 357 286 396 283 369 350 398 345 
379 114 471 127 346 168 464 186 321 216 452 204 379 243 427 246 357 287 396 283 369 350 398 345 
379 114 471 127 346 168 464 186 321 216 452 204 379 243 427 246 357 287 396 283 369 350 398 345 
379 114 471 127 345 168 464 186 321 216 452 204 379 243 427 246 357 288 396 283 369 350 398 345 
379 114 472 127 345 168 464 186 321 216 452 204 378 243 427 246 357 288 396 283 368 350 398 345 
379 114 472 127 345 168 464 186 320 216 452 202 378 243 427 246 357 287 396 283 368 350 398 345 
379 114 472 127 346 169 464 186 320 217 453 201 378 243 427 246 357 287 396 283 368 350 397 345 
379 114 472 127 346 169 464 186 320 217 452 200 379 243 427 246 357 287 396 283 368 349 397 345 
379 114 472 127 346 170 464 186 320 217 452 200 379 243 427 246 357 287 396 283 368 349 397 345 
379 114 471 127 345 170 464 186 320 216 453 200 379 243 427 246 356 287 397 284 367 349 398 345 
379 114 471 127 345 170 464 186 321 215 453 202 379 243 427 246 356 288 397 284 367 349 398 345 
379 114 471 127 345 170 464 186 321 215 453 202 379 243 427 246 356 288 397 284 367 349 398 345 
379 114 471 127 345 170 464 186 321 215 453 201 379 243 427 246 356 287 397 284 366 349 398 345 
379 114 471 127 345 170 463 186 321 215 452 200 379 243 427 246 356 287 397 284 366 348 398 345 
379 114 471 127 345 170 463 186 322 215 452 200 379 243 427 246 356 286 397 284 366 348 398 345 
379 114 471 127 345 170 463 186 322 215 451 199 379 243 427 246 356 286 397 283 366 348 398 345 
379 114 471 127 345 170 463 186 322 215 451 199 379 243 427 246 356 286 397 283 366 348 398 345 
379 114 471 127 345 170 463 186 320 216 451 199 379 243 427 246 356 286 397 283 366 348 398 345 
379 114 471 127 345 170 463 186 319 218 451 198 379 243 427 246 356 286 396 283 366 348 398 345 
379 114 471 127 345 170 463 186 318 218 451 194 379 243 427 246 356 286 396 283 366 348 398 345 
379 114 471 127 345 170 463 186 318 219 451 192 379 243 427 246 356 285 396 283 366 348 398 345 
379 114 471 127 345 170 463 186 318 218 451 194 379 243 427 246 356 286 396 284 366 348 398 346 
379 114 471 127 345 168 463 186 318 217 451 196 379 242 427 246 356 286 396 284 366 348 398 346 
379 114 471 127 344 168 463 185 319 216 451 197 379 242 427 246 356 286 396 284 366 348 398 346 
379 114 471 127 344 168 463 185 319 216 451 197 379 242 427 246 356 286 396 284 367 348 398 346 
379 114 471 127 344 168 463 185 321 215 450 197 379 242 427 246 356 286 396 284 366 348 398 347 
379 114 471 127 344 168 463 185 322 215 450 197 379 242 427 246 356 286 396 284 366 348 398 347 
379 114 471 127 344 168 463 185 323 215 450 197 379 242 427 246 356 286 396 284 366 348 398 347 
379 114 471 127 344 168 463 185 322 215 450 197 379 242 427 246 356 286 396 284 366 348 398 347 
379 114 471 127 344 168 463 185 321 215 450 197 379 242 427 246 356 286 396 284 366 348 398 347 
379 114 471 127 344 168 463 185 321 215 450 197 379 242 427 246 356 286 396 284 366 348 398 347 
379 114 471 127 344 168 463 185 321 216 450 197 379 242 427 246 356 285 396 284 366 347 398 347 
379 114 471 127 344 168 463 185 321 216 450 197 379 242 427 246 356 285 396 284 366 347 398 347 
380 114 471 127 345 168 464 184 320 215 452 186 380 243 427 246 356 286 396 283 367 348 398 346 
380 114 471 127 345 168 465 183 320 215 454 183 380 243 428 246 356 288 396 283 369 348 398 346 
380 114 471 127 346 169 465 183 322 213 454 182 380 243 428 246 356 288 396 283 369 349 398 346 
380 114 471 127 346 169 465 183 322 213 455 176 380 243 428 246 356 288 396 283 369 349 398 346 
380 114 471 127 346 169 465 182 323 212 455 179 380 243 428 246 356 288 396 283 369 349 398 346 
380 114 471 127 346 169 465 183 323 212 455 185 380 243 428 246 356 289 396 283 369 349 398 346 
380 114 471 127 346 169 464 183 323 212 455 187 380 243 428 246 356 289 396 283 369 349 398 346 
380 114 471 127 346 169 464 183 323 212 455 195 380 243 428 246 356 289 396 283 369 349 398 346 
380 114 471 126 346 170 464 184 322 213 455 194 381 243 428 246 356 289 396 283 369 349 398 346 
380 114 471 126 346 170 464 184 322 214 455 194 381 243 428 246 356 289 396 283 369 349 398 346 
380 114 471 126 345 170 464 184 322 214 455 196 381 243 428 246 356 288 396 283 369 349 398 346 
380 114 471 126 345 170 464 184 321 215 455 197 380 243 428 246 356 288 396 283 369 349 398 346 
380 114 471 127 345 169 464 184 321 215 453 201 379 243 428 246 356 288 396 284 365 349 398 346 
380 114 471 127 344 169 464 185 321 215 452 203 379 243 428 246 356 288 396 284 364 349 398 347 
380 114 471 127 344 167 464 185 320 215 452 204 379 243 428 246 355 287 396 284 363 349 398 347 
380 114 472 127 344 167 464 185 320 215 452 204 378 243 427 246 355 287 396 285 363 349 398 347 
380 114 472 127 344 168 464 186 319 215 451 204 378 243 427 246 355 287 396 285 363 349 398 347 
380 113 472 127 344 168 463 186 319 215 451 204 378 243 427 246 355 287 396 285 363 349 398 347 
380 113 472 127 344 168 463 186 320 215 451 204 378 243 427 246 355 287 396 285 363 349 398 347 
380 114 472 127 344 168 463 186 320 215 451 204 378 243 427 246 355 287 395 285 363 349 398 347 
380 113 472 127 343 168 463 186 321 215 451 204 378 243 427 246 355 287 395 285 363 348 398 347 
380 113 472 127 343 168 463 186 320 215 451 204 378 243 427 246 355 286 395 285 363 348 398 347 
380 113 472 127 343 168 463 186 319 215 451 204 377 243 427 246 355 286 395 285 363 347 398 347 
380 113 472 127 343 168 463 186 319 215 451 203 378 243 427 246 355 286 395 285 364 347 397 346 
380 114 472 127 343 168 464 186 319 215 452 194 378 243 427 246 355 286 395 284 367 348 398 346 
379 114 472 127 343 168 465 186 319 215 452 191 378 243 427 246 355 286 395 284 369 349 398 345 
379 114 472 127 343 168 465 186 319 215 452 192 378 243 427 246 355 286 395 284 369 349 398 345 
379 114 472 127 343 168 465 186 319 215 452 193 378 243 427 246 355 286 395 284 369 349 398 344 
379 114 472 127 343 168 465 186 319 215 452 193 378 243 427 246 355 286 395 284 369 349 398 344 
379 114 472 128 343 168 465 186 319 215 452 194 378 243 427 246 355 286 395 284 370 349 398 344 
379 114 472 128 343 169 465 186 319 216 452 194 378 243 427 246 355 286 395 284 370 349 398 344 
379 114 472 128 343 169 465 186 319 216 452 195 378 243 427 246 355 286 395 284 370 349 398 344 
379 114 472 128 343 169 465 186 319 216 452 195 378 244 427 246 355 286 395 284 370 349 398 344 
379 114 472 128 343 169 465 186 319 216 452 195 378 244 427 246 355 286 395 284 369 349 398 344 
379 114 472 128 343 169 465 186 319 216 452 195 378 244 427 246 355 286 395 284 370 349 398 344 
379 114 472 128 343 169 465 186 319 216 452 195 378 244 427 246 355 286 395 284 370 349 398 344 
379 114 471 127 343 169 464 184 318 216 452 178 378 244 427 246 355 286 395 284 370 349 398 344 
379 114 471 127 343 168 464 182 320 215 452 182 378 244 427 246 355 286 395 284 369 349 398 345 
379 114 471 127 343 167 464 182 321 214 452 183 379 244 427 246 355 286 395 284 369 349 397 345 
379 114 471 127 343 167 464 182 319 214 452 184 379 243 427 246 355 286 395 284 370 349 397 345 
379 114 471 127 343 167 464 182 318 216 452 185 379 243 427 246 355 286 395 284 370 349 397 345 
379 114 471 127 343 167 464 182 318 216 452 184 379 243 427 246 355 286 395 284 370 349 397 345 
379 114 471 127 343 167 464 182 317 217 452 185 379 243 427 246 355 286 395 284 370 349 397 345 
379 114 471 127 343 167 464 182 317 217 452 186 379 243 427 246 355 286 395 284 370 349 397 345 
379 114 471 127 343 167 463 182 319 216 452 188 379 243 427 246 355 286 395 284 370 349 397 345 
379 114 471 127 343 167 463 182 318 216 452 185 379 243 427 246 355 286 395 284 370 349 397 344 
379 114 471 127 343 167 463 182 317 217 452 183 379 243 427 246 356 286 395 284 371 349 397 344 
379 114 471 127 343 167 463 182 317 217 450 185 379 243 427 246 356 286 395 284 371 349 397 344 
379 114 471 127 344 165 463 183 319 213 452 193 379 243 427 246 356 286 395 284 368 348 397 344 
379 114 471 127 344 165 463 184 320 212 452 196 379 243 427 246 356 285 395 284 367 347 397 345 
379 114 471 127 344 165 463 184 320 213 452 197 379 243 427 246 356 285 395 284 367 347 397 345 
379 114 471 127 344 166 464 185 320 213 453 197 379 243 427 246 356 285 395 284 367 346 397 345 
379 115 471 127 344 167 464 185 320 213 453 196 379 243 427 246 356 285 395 284 366 346 397 345 
379 115 471 127 344 167 464 185 321 213 453 196 379 243 427 246 356 285 395 284 366 345 397 345 
379 115 471 127 344 168 464 185 322 212 453 195 379 243 427 246 356 285 395 284 366 345 397 345 
379 115 471 127 345 168 464 185 322 213 453 194 379 243 427 246 356 285 395 284 366 345 397 345 
379 115 471 127 345 169 463 185 324 211 453 193 379 244 427 246 356 285 395 284 366 345 397 345 
379 115 471 127 345 169 463 185 325 211 453 193 379 244 427 246 356 285 395 284 366 345 397 345 
379 115 472 127 345 169 463 186 325 211 452 192 379 244 427 246 356 285 395 283 365 344 397 345 
379 115 472 127 345 169 462 186 326 211 452 192 379 244 427 246 356 285 395 283 365 344 397 344 
379 115 471 127 345 169 463 186 326 210 452 192 379 244 427 246 356 285 395 283 365 344 397 345 
379 115 471 127 344 170 462 186 325 209 452 192 378 244 426 246 356 285 395 283 365 344 397 345 
379 115 471 127 344 171 462 186 325 209 452 192 378 244 426 247 355 285 395 283 365 344 397 345 
379 115 471 127 344 171 462 186 325 209 452 192 378 244 426 247 355 285 395 283 365 344 397 345 
379 115 471 127 344 171 462 186 326 209 452 192 378 244 426 247 355 285 395 283 365 344 397 345 
379 115 471 127 344 171 462 186 326 209 451 192 378 244 426 247 355 285 395 283 365 344 397 345 
379 115 471 127 344 171 462 184 326 209 452 175 378 244 426 247 355 285 395 283 365 344 397 345 
379 115 471 127 344 171 462 184 326 209 452 179 378 244 426 247 355 285 395 283 365 344 397 345 
379 115 471 127 344 171 462 185 326 209 452 180 378 244 426 247 355 285 395 283 364 344 397 345 
379 115 471 127 344 171 462 185 326 209 451 181 378 244 426 247 355 285 395 283 364 344 397 345 
379 115 470 127 344 171 462 185 326 209 451 185 378 244 426 247 355 285 395 283 364 345 397 345 
379 115 470 127 344 171 462 185 326 209 451 185 378 244 426 247 355 285 395 283 364 345 397 345 
379 115 470 127 345 171 462 185 326 210 451 188 378 244 426 247 356 286 395 283 366 346 397 345 
379 115 470 127 346 171 462 185 326 210 451 189 378 244 426 247 356 286 395 283 367 347 397 345 
379 115 470 127 346 171 462 185 326 210 451 190 378 244 426 247 356 286 395 283 368 348 397 345 
379 115 470 127 346 171 462 185 326 209 451 191 378 244 426 247 356 286 395 283 368 348 397 344 
379 115 470 127 346 170 462 185 326 209 452 196 378 244 426 247 356 286 395 283 368 348 397 344 
379 114 470 127 346 170 462 185 326 209 452 195 378 244 426 247 356 286 395 283 368 348 397 344 
379 114 470 127 346 170 462 185 326 209 452 195 378 244 426 247 356 286 395 283 368 348 397 344 
379 114 470 126 346 170 462 185 326 209 452 195 378 244 426 246 356 286 395 283 368 348 397 344 
379 114 470 126 346 170 462 185 326 209 452 194 378 244 426 246 356 286 395 283 367 347 397 344 
379 114 470 126 346 170 462 185 326 209 452 194 378 244 426 246 356 286 396 283 367 347 397 344 
379 114 470 126 346 170 462 185 326 209 452 194 378 244 426 246 356 286 396 283 367 347 397 344 
379 114 470 126 346 169 462 184 326 209 452 186 378 244 426 246 356 286 396 283 367 347 397 344 
379 114 470 126 346 169 463 185 320 213 452 199 378 244 426 246 356 286 396 282 367 347 397 344 
379 114 470 126 345 169 464 185 318 215 452 202 378 244 426 246 357 286 396 282 367 347 397 344 
379 114 470 126 345 169 464 185 318 215 452 203 378 244 426 246 357 286 396 282 367 348 397 344 
379 114 470 126 345 169 464 185 319 215 452 203 378 244 426 246 357 286 396 282 367 348 397 344 
379 114 470 126 345 169 464 186 320 215 452 203 378 244 426 246 357 286 396 282 367 348 397 344 
379 114 470 126 345 169 464 186 320 215 452 203 378 244 426 246 357 286 396 282 367 348 397 344 
379 114 470 126 345 169 464 186 320 214 452 203 378 244 426 246 357 286 396 282 367 348 397 344 
379 114 470 126 345 169 464 186 321 214 452 203 378 244 426 246 357 286 396 282 367 348 397 344 
379 114 470 126 345 169 464 186 321 214 452 203 378 244 426 246 357 285 396 282 368 348 397 344 
379 114 470 126 345 169 464 186 321 214 452 203 379 244 426 246 358 285 396 282 368 348 397 344 
379 114 470 126 345 169 464 186 321 214 452 205 379 243 426 246 358 285 396 282 368 348 397 344 
379 114 470 126 345 169 463 186 321 214 452 206 379 243 426 246 358 285 396 282 368 348 397 344 
379 114 470 126 345 168 464 186 320 214 452 204 379 244 426 246 358 285 397 282 368 348 397 344 
379 114 471 126 345 168 464 186 320 215 452 202 379 244 426 247 358 285 397 282 368 348 397 344 
379 114 471 126 345 168 463 186 321 215 452 201 379 244 426 247 358 285 397 282 369 348 397 344 
379 114 471 126 345 168 464 186 322 215 452 196 379 244 426 247 358 285 397 282 369 348 397 344 
379 114 471 126 345 168 464 186 322 215 452 194 379 244 426 247 358 285 397 282 369 348 397 344 
379 114 471 126 345 168 463 186 323 215 451 195 379 244 426 247 358 285 397 282 369 348 397 344 
379 114 471 126 345 168 463 186 323 215 451 195 379 244 426 247 358 285 397 282 369 348 397 344 
379 114 471 126 345 168 463 186 323 214 451 196 379 244 426 247 358 285 397 282 369 348 397 344 
379 114 471 126 345 168 463 186 324 214 451 196 379 244 426 247 358 285 397 282 369 348 397 344 
379 114 471 126 345 168 463 186 324 213 451 197 379 244 426 247 358 285 397 282 369 349 397 344 
379 114 471 126 345 168 463 186 324 212 451 197 379 244 426 247 358 285 397 282 369 349 397 344 
379 114 471 126 345 168 463 186 324 212 451 197 379 244 426 247 358 285 397 282 369 349 397 344 
379 114 471 126 345 167 463 185 324 209 451 194 379 244 426 247 358 286 397 282 368 349 397 345 
379 114 471 126 345 167 463 184 325 209 452 193 379 244 426 247 358 286 397 283 368 349 397 345 
379 114 471 126 345 167 463 184 324 208 452 185 379 244 426 247 358 286 397 283 368 349 397 345 
379 114 471 126 345 167 463 184 325 208 453 187 379 244 427 247 358 286 397 283 368 349 397 345 
379 114 471 126 345 167 463 184 325 208 453 189 379 244 427 247 357 286 397 283 368 349 397 345 
379 114 471 126 345 167 463 184 325 208 453 189 379 244 427 247 357 287 397 283 368 349 397 345 
379 114 471 126 345 168 463 184 325 208 453 190 379 244 427 247 357 287 397 283 368 349 397 345 
379 114 471 126 345 168 463 184 325 208 453 190 379 244 427 247 357 288 397 284 368 349 397 345 
379 114 471 126 345 168 464 184 324 208 453 190 379 245 427 247 357 289 396 284 368 349 397 345 
379 114 471 126 345 168 464 184 324 208 454 191 379 245 427 247 357 289 396 284 368 350 397 346 
379 114 471 126 345 168 464 185 324 208 454 191 379 245 426 247 356 290 396 284 368 350 397 346 
379 114 471 126 345 168 464 185 324 208 454 191 379 245 426 247 356 290 396 284 368 350 397 346 
379 114 471 126 345 169 463 184 325 208 453 191 379 245 426 247 356 290 396 284 368 351 397 346 
379 115 471 126 345 169 463 184 325 208 453 191 379 245 426 247 356 290 396 284 368 351 397 346 
379 115 471 126 345 169 463 183 324 209 453 192 379 245 426 247 356 290 396 284 368 352 397 346 
379 115 471 126 345 169 463 183 324 210 453 187 379 245 426 247 356 290 396 284 368 352 397 346 
379 115 471 126 345 170 463 183 324 211 453 186 379 245 426 247 356 291 396 284 368 352 397 346 
379 115 471 126 345 170 463 183 324 212 453 185 379 245 426 247 355 290 396 284 368 352 397 346 
379 115 471 126 345 170 463 183 324 212 453 189 379 245 426 247 355 291 396 284 368 352 397 346 
379 115 471 126 346 170 463 183 324 212 453 186 379 245 426 247 355 291 396 284 368 352 397 346 
379 115 471 126 346 170 463 183 324 213 452 185 379 245 426 247 355 291 396 284 368 352 396 346 
379 115 471 126 346 170 463 183 324 213 452 185 379 245 426 247 355 291 396 284 368 352 396 345 
379 115 470 126 346 170 463 183 324 213 452 190 379 245 426 247 355 291 396 283 368 352 396 345 
379 115 470 126 346 170 463 183 324 213 451 192 379 245 426 247 355 291 396 283 368 352 396 345 
379 115 470 126 345 170 463 183 324 212 451 182 379 245 426 247 356 289 396 283 369 351 396 345 
379 115 470 126 345 169 463 183 324 211 451 178 379 245 426 247 356 289 396 283 370 351 396 345 
379 115 470 126 345 169 463 183 324 210 451 178 379 245 426 247 356 289 396 283 371 352 396 344 
379 115 471 126 345 169 463 181 324 210 451 169 379 245 426 247 356 290 396 283 371 352 396 344 
379 115 471 126 345 169 463 180 324 210 451 169 379 245 427 247 356 290 396 282 372 352 396 343 
380 115 471 126 345 169 464 179 324 210 451 168 379 245 427 247 356 290 396 282 372 352 396 343 
380 115 471 126 346 169 464 179 324 210 451 168 379 245 427 247 356 290 396 282 372 352 396 343 
380 115 471 126 345 168 464 179 324 209 451 170 379 245 427 247 356 290 396 282 372 352 396 343 
380 115 471 126 345 167 463 181 324 209 451 173 379 245 427 247 356 290 396 282 372 352 396 343 
380 115 471 126 345 165 463 181 324 208 451 173 379 246 427 247 356 290 396 282 372 352 396 343 
380 115 471 126 345 165 464 180 324 208 451 172 379 246 427 247 356 290 396 282 372 352 396 343 
380 115 471 126 345 165 463 181 324 208 451 172 379 245 427 247 356 290 396 282 372 352 396 343 
380 115 471 126 345 166 464 182 324 208 451 188 379 245 427 247 356 289 396 282 372 352 396 343 
380 114 471 126 345 166 464 183 324 209 451 192 379 245 427 247 356 289 396 282 372 351 397 344 
380 114 471 126 345 166 464 183 324 209 451 193 379 245 427 247 356 289 396 282 372 351 397 344 
380 114 471 126 345 167 464 183 324 209 452 194 379 245 427 247 356 289 396 282 372 351 397 344 
380 114 471 126 345 167 464 183 324 209 452 193 379 245 427 247 356 288 396 282 372 351 397 344 
380 114 471 126 344 167 464 183 324 209 453 192 379 245 427 246 356 289 396 282 372 351 397 344 
380 114 471 126 344 167 463 183 324 209 453 191 379 245 427 246 356 289 396 282 372 351 397 344 
380 114 471 126 344 167 463 183 324 209 453 190 379 245 427 246 356 289 396 282 372 351 397 344 
380 114 471 125 344 167 463 183 324 209 454 190 379 244 427 246 356 290 396 282 372 351 397 344 
380 114 471 125 344 168 463 183 324 209 454 189 379 244 427 246 356 290 396 282 372 352 397 343 
380 114 471 125 344 168 463 183 324 209 454 188 379 244 427 246 356 290 396 282 372 352 397 343 
380 114 470 125 344 168 463 183 324 209 454 188 379 244 427 246 356 290 396 282 372 352 397 343 
380 114 470 125 344 167 463 183 324 209 454 187 379 244 427 246 356 290 396 283 370 352 397 344 
380 114 470 126 344 167 463 183 324 209 454 186 379 245 426 247 356 290 396 283 370 352 397 345 
379 114 470 126 344 167 463 183 324 210 453 186 378 245 426 247 356 290 396 284 369 352 397 345 
379 114 470 125 344 168 463 183 324 210 453 190 378 245 426 247 356 290 396 284 369 352 397 345 
379 114 470 125 344 168 463 183 324 210 453 187 378 245 426 247 356 290 396 284 369 352 397 345 
379 114 470 125 344 168 463 183 324 210 453 186 378 245 426 247 356 290 396 284 369 352 397 345 
379 114 470 125 344 168 463 183 325 210 453 185 378 245 426 247 356 290 396 284 369 352 397 345 
379 114 470 125 344 168 463 183 325 210 453 178 378 245 426 247 356 290 396 284 369 352 397 345 
379 114 470 125 344 168 463 183 325 210 453 179 378 245 426 247 356 290 396 284 369 352 397 345 
379 115 470 125 344 169 463 183 325 210 453 179 378 245 426 247 356 290 396 284 369 352 397 345 
379 115 470 125 344 169 463 183 325 209 453 180 378 245 426 247 356 290 396 284 369 352 397 345 
379 115 470 125 344 169 463 183 326 209 453 180 378 245 426 247 356 290 396 284 369 352 397 345 
379 115 470 125 345 167 463 183 325 208 453 180 378 245 426 247 356 291 396 284 370 352 397 345 
380 115 470 125 346 167 464 181 325 208 453 178 379 245 427 247 356 291 396 284 371 352 397 345 
380 115 470 125 346 166 464 181 325 207 453 178 379 245 427 247 356 291 396 284 371 352 397 345 
380 115 470 125 346 166 464 182 325 208 453 181 380 245 427 247 356 291 396 284 371 352 397 345 
380 115 470 125 346 166 463 182 325 208 453 180 380 245 427 247 356 291 396 284 371 352 397 345 
380 114 470 125 346 167 463 182 325 209 453 181 380 244 427 246 356 291 396 284 371 352 397 345 
380 114 470 125 346 167 463 182 324 209 453 189 380 244 428 246 356 291 396 284 371 352 397 345 
380 114 470 125 346 167 463 182 324 210 452 191 380 244 428 246 356 290 396 283 371 352 397 345 
380 114 470 125 346 167 463 182 324 210 452 192 380 244 428 246 356 290 396 283 371 352 397 345 
380 114 470 125 346 167 463 182 324 210 452 192 380 244 428 246 356 289 396 283 371 352 397 345 
380 114 470 125 346 167 463 182 324 210 451 197 380 244 428 246 356 288 396 283 371 352 397 345 
380 114 470 125 345 168 463 182 324 211 451 195 380 244 428 246 356 288 396 283 371 351 397 345 
380 114 470 126 345 168 463 182 324 211 449 194 380 244 427 246 356 288 396 283 370 351 397 345 
380 114 470 126 345 168 463 182 324 212 448 193 379 245 427 247 356 287 396 283 370 351 397 345 
380 114 470 126 344 168 463 182 324 213 448 188 379 245 427 247 356 288 396 283 370 351 396 345 
379 114 470 126 344 169 463 182 323 213 449 186 379 245 427 247 356 288 396 283 370 351 396 345 
379 114 470 126 344 169 464 180 323 213 449 176 379 245 427 247 356 288 396 283 370 351 396 344 
379 114 470 126 344 169 475 153 324 212 452 138 379 245 427 247 356 288 396 283 370 350 396 344 
379 115 470 125 344 170 478 149 324 212 453 133 379 246 427 247 356 288 396 283 370 350 396 344 
379 115 469 125 344 170 474 165 324 211 453 150 379 246 427 247 356 288 396 283 370 349 396 344 
379 115 469 125 345 169 476 163 324 211 453 155 379 245 427 247 356 288 396 283 370 349 396 344 
379 115 469 125 344 168 472 171 324 211 453 156 379 245 427 247 356 288 396 283 370 349 396 344 
379 115 469 125 344 168 469 175 324 211 453 161 379 245 427 247 356 287 396 283 370 349 396 344 
379 115 469 124 344 169 468 176 324 210 453 162 379 245 427 247 356 287 396 283 370 349 396 344 
381 114 470 124 345 167 481 132 324 207 464 91 380 245 427 247 356 289 397 282 370 351 396 344 
381 114 470 124 346 166 479 136 324 207 464 144 380 245 427 246 357 290 397 282 370 351 396 344 
381 114 470 124 346 165 471 171 325 207 461 176 380 245 427 246 357 290 397 282 370 351 396 344 
381 114 470 124 346 165 467 179 325 207 457 189 380 244 428 246 357 291 397 282 370 351 396 344 
381 113 471 124 346 165 467 180 325 208 456 190 380 244 428 246 356 291 397 282 370 351 397 344 
381 113 471 124 346 165 466 182 325 208 455 191 380 244 428 246 356 291 397 282 370 352 397 344 
381 113 471 124 346 166 465 182 325 208 454 191 380 244 428 246 356 290 397 281 370 352 397 344 
381 113 471 124 346 166 465 182 325 209 453 190 380 244 428 246 356 291 397 281 371 352 397 344 
381 113 471 124 346 167 465 182 325 209 453 190 380 244 428 246 356 291 397 281 371 352 397 344 
381 113 471 124 346 167 464 182 325 210 453 189 380 244 428 246 356 291 397 281 371 352 397 344 
381 113 471 124 346 168 464 182 325 210 453 188 380 244 428 246 356 291 397 281 371 352 397 344 
381 113 471 124 345 168 464 182 324 211 453 189 380 244 428 246 356 290 397 281 371 352 397 344 
381 114 471 124 345 168 464 182 324 211 453 195 380 244 428 246 356 291 397 281 371 352 397 344 
381 114 471 124 346 168 464 182 324 211 453 197 380 244 427 246 356 291 397 282 370 352 397 344 
381 114 471 124 346 169 464 182 324 211 453 197 380 244 427 246 356 291 397 282 370 352 397 345 
381 114 471 125 347 169 464 182 324 211 453 196 380 244 427 246 356 291 397 283 370 352 397 345 
381 115 470 124 347 169 464 182 324 211 456 192 380 244 427 246 356 291 397 283 370 352 397 345 
381 115 470 124 347 169 464 182 324 211 457 189 380 244 427 247 355 291 397 283 370 352 397 345 
381 115 470 124 347 170 464 182 324 211 457 184 380 245 427 247 355 291 397 283 370 352 397 345 
381 115 470 124 347 170 464 182 324 211 457 183 380 245 427 247 355 291 397 283 370 352 397 345 
381 115 470 124 347 171 464 182 325 211 458 184 381 245 427 247 355 291 397 283 370 352 397 345 
381 115 470 125 347 172 464 182 325 211 458 186 381 245 427 247 356 291 397 283 370 352 397 345 
381 115 469 125 347 172 464 182 325 212 457 190 381 245 426 247 356 291 397 283 370 352 397 345 
381 115 469 125 347 172 464 183 325 213 455 197 381 245 426 247 356 291 397 283 370 352 397 345 
381 115 468 125 346 170 464 184 326 207 455 198 380 245 426 247 356 291 397 284 369 352 397 345 
381 115 468 124 346 169 464 184 326 206 456 197 380 245 426 247 356 291 397 284 369 352 397 346 
381 115 467 124 346 169 464 183 327 205 458 196 380 245 426 247 356 291 397 285 369 352 397 346 
381 115 467 124 346 169 464 183 327 203 459 191 380 244 425 246 356 291 397 286 369 352 397 346 
381 115 467 124 346 168 464 183 327 204 459 191 380 244 425 246 356 291 397 286 369 352 397 346 
381 115 467 124 346 168 464 183 327 203 459 191 380 244 425 246 356 291 397 286 368 352 398 346 
381 115 467 124 346 167 464 183 327 203 459 192 380 244 425 246 356 291 397 286 368 352 398 346 
381 114 467 124 346 167 464 183 327 204 457 195 380 243 425 246 356 291 397 286 369 352 398 346 
381 114 467 124 346 167 464 183 327 204 457 194 380 243 425 246 356 291 397 286 369 352 398 346 
381 114 467 124 346 167 464 183 327 205 456 197 380 243 425 246 355 291 397 286 369 352 398 346 
381 114 467 124 346 167 464 184 327 205 456 201 380 243 425 246 355 291 397 286 369 352 398 346 
381 114 467 124 346 167 463 184 327 206 456 203 380 243 425 246 355 291 397 286 369 351 398 346 
381 114 468 125 345 167 463 184 326 206 455 201 380 243 425 246 355 291 397 286 367 351 398 347 
381 114 468 125 345 166 463 185 325 209 453 201 379 243 425 246 355 290 397 286 366 350 398 347 
381 114 468 125 344 166 463 185 325 210 453 201 379 243 425 246 355 290 396 286 366 350 398 347 
381 114 468 125 344 167 463 185 325 210 453 201 379 244 425 246 354 290 396 286 366 350 398 347 
381 114 469 125 344 167 463 185 325 210 453 203 379 244 425 246 354 289 396 286 366 350 397 347 
381 114 469 125 344 167 463 185 325 211 453 203 379 244 425 246 354 289 396 286 366 350 397 347 
381 113 469 125 344 166 463 185 325 211 453 202 379 244 426 246 354 289 396 286 366 350 397 347 
381 113 469 125 344 166 463 184 325 211 452 204 379 244 426 246 354 289 396 286 366 350 397 347 
381 113 469 125 344 167 463 184 325 211 453 203 379 244 426 246 354 289 396 286 366 350 397 346 
381 113 469 125 344 167 463 184 325 211 453 203 379 244 426 246 354 289 396 285 366 349 397 346 
381 113 469 125 344 167 463 184 325 211 453 203 379 244 426 246 354 289 396 285 366 349 397 346 
381 113 470 125 344 167 464 185 325 211 453 204 379 244 426 246 354 289 396 285 366 349 397 346 
381 114 470 125 345 168 464 185 325 210 455 189 379 244 426 246 356 288 396 285 367 348 397 346 
381 114 470 125 346 168 476 167 325 210 458 158 379 244 426 246 356 288 396 285 369 348 397 345 
381 114 470 124 346 169 477 166 325 210 458 160 379 244 426 246 356 288 396 284 369 348 397 345 
381 114 470 124 347 169 477 166 325 210 458 164 380 244 426 246 356 288 396 284 370 348 397 345 
381 114 470 124 347 169 469 176 325 210 458 170 380 244 426 246 356 288 396 284 369 347 397 345 
380 114 470 124 346 169 466 180 325 209 457 172 380 244 426 246 356 288 396 284 369 347 397 345 
380 115 470 124 346 169 472 168 325 209 456 164 380 244 426 246 356 288 396 284 369 348 397 345 
380 115 470 124 346 169 469 172 325 209 455 168 380 244 426 246 356 289 396 284 370 348 397 345 
380 115 470 124 346 169 473 168 325 209 455 168 380 244 426 246 356 289 396 284 370 348 397 345 
380 115 470 124 346 170 474 167 325 209 455 168 380 244 426 246 356 289 396 284 370 348 397 345 
380 115 470 124 346 170 476 164 325 209 455 163 380 244 426 246 356 289 396 284 370 348 397 345 
380 115 470 124 346 170 476 166 325 209 455 165 380 244 426 246 357 289 396 284 370 349 397 345 
380 114 470 124 345 168 469 178 325 209 455 188 380 244 426 246 357 289 396 284 368 348 397 345 
380 114 471 124 344 167 467 181 325 209 455 186 380 243 426 246 357 288 396 284 368 348 397 345 
380 114 471 124 344 167 467 180 325 210 457 179 380 243 427 246 357 287 396 284 367 348 398 345 
380 114 471 124 344 167 466 182 325 210 456 190 380 243 427 246 357 286 397 284 366 348 398 345 
380 114 471 124 344 167 465 184 325 210 456 196 380 243 427 246 356 286 397 284 366 348 398 345 
380 114 472 124 344 167 465 185 325 211 456 194 380 243 427 246 356 286 397 284 366 348 398 345 
380 114 472 124 344 167 465 184 325 211 456 192 380 243 427 246 356 286 397 283 366 348 398 345 
380 113 472 124 343 167 465 185 325 211 456 196 380 243 427 246 356 286 397 283 366 348 398 345 
380 113 472 124 343 167 465 185 324 211 456 194 380 243 428 246 356 286 397 283 367 348 398 345 
380 113 472 125 343 167 465 185 324 211 455 196 380 243 428 246 356 286 397 283 368 349 398 345 
380 113 472 125 343 167 465 185 324 211 455 197 380 243 428 246 356 286 397 283 368 349 398 345 
380 113 472 125 343 168 465 186 324 211 455 197 380 243 428 246 356 286 397 283 368 349 398 345 
380 113 472 126 344 167 465 186 324 211 455 197 380 244 428 246 356 287 397 283 368 350 398 346 
380 114 472 126 344 167 465 186 324 211 454 198 380 244 428 246 356 289 397 283 368 351 398 346 
380 114 471 127 344 168 465 186 324 211 454 198 380 245 428 247 356 289 397 283 368 351 398 346 
379 114 471 127 344 168 465 186 324 211 454 198 380 245 428 247 356 289 397 283 368 351 398 346 
379 114 471 127 344 168 465 186 324 211 454 195 380 246 428 247 356 290 397 283 368 352 398 346 
380 114 471 127 344 168 465 186 324 211 454 193 380 246 428 247 356 290 397 284 368 352 398 347 
380 114 471 127 344 168 465 185 325 211 455 186 380 246 428 247 356 291 397 284 369 353 398 347 
380 114 471 127 344 168 465 186 325 211 453 187 380 246 428 247 356 291 397 284 369 353 398 347 
380 114 471 127 344 168 465 186 325 211 453 188 380 246 428 247 356 291 397 284 369 353 398 347 
380 114 471 127 344 169 465 186 325 211 452 188 380 246 428 247 356 291 397 284 369 354 398 348 
380 114 471 127 344 169 465 186 325 211 453 185 380 246 428 247 356 291 397 284 369 354 398 348 
380 114 471 127 344 169 465 186 325 211 453 179 380 246 428 247 356 291 397 284 369 354 398 348 
380 114 471 127 344 168 465 185 323 211 454 182 380 246 427 247 356 291 397 284 369 353 398 348 
380 114 471 127 344 167 465 186 323 211 454 186 380 245 426 247 356 291 397 284 369 353 398 347 
380 114 471 127 344 167 465 185 323 211 454 186 380 245 426 247 356 291 397 284 369 352 398 347 
380 114 471 127 344 166 465 185 321 211 455 186 380 245 426 247 356 291 397 284 369 352 398 347 
380 114 471 127 344 166 465 185 320 211 455 186 380 245 426 247 355 291 397 284 369 351 398 347 
380 114 471 127 344 166 465 185 320 212 455 185 380 245 426 247 355 291 397 284 369 351 398 346 
380 114 471 126 344 166 465 184 320 212 455 186 380 244 426 247 355 291 397 284 369 351 398 346 
380 114 471 126 344 166 465 184 319 212 455 186 380 244 426 247 355 291 397 284 369 351 397 346 
380 114 471 126 344 166 465 184 319 212 455 186 380 244 426 247 355 290 397 284 369 351 397 346 
380 114 471 126 344 166 465 184 319 212 455 184 380 244 426 247 355 290 397 284 369 351 397 346 
380 114 471 126 344 166 465 184 319 212 455 184 380 244 426 247 355 290 397 284 369 351 397 346 
380 114 470 125 344 166 465 184 319 212 455 185 380 244 426 247 355 290 397 284 369 351 397 346 
380 114 469 125 344 167 465 184 321 212 455 197 380 244 426 247 355 290 397 284 369 351 397 346 
380 114 469 125 344 167 465 184 321 212 456 191 380 244 426 247 355 291 397 285 369 351 397 346 
380 114 469 124 345 167 465 181 322 212 457 170 380 244 426 247 355 291 397 285 369 351 397 346 
381 114 469 124 345 168 465 181 322 213 457 175 380 244 426 247 355 291 397 285 368 351 397 346 
381 114 469 124 345 169 464 181 322 214 457 175 380 244 426 247 355 291 397 285 368 351 397 346 
381 114 469 124 345 169 464 182 322 214 458 174 380 244 426 247 355 291 397 285 368 352 397 347 
381 114 469 124 345 169 464 182 323 214 458 175 380 244 426 247 355 291 397 285 368 352 397 347 
381 114 469 124 345 169 464 182 323 214 458 178 380 244 425 247 355 291 397 285 368 351 397 347 
381 114 469 124 345 170 464 182 323 214 456 188 380 244 425 247 355 291 397 285 368 351 397 347 
381 114 469 124 345 170 463 183 324 214 454 191 380 244 425 247 355 291 397 285 368 351 397 347 
381 114 469 124 345 170 463 184 324 214 453 197 380 244 425 247 355 291 397 285 368 351 397 347 
381 114 469 124 345 170 463 184 324 214 453 195 380 244 425 247 355 291 397 285 368 351 397 347 
381 114 469 125 345 169 463 185 324 211 453 197 379 244 425 247 355 290 397 285 366 350 397 347 
381 114 470 125 345 169 463 185 325 209 453 198 379 244 425 247 355 290 397 285 365 350 397 347 
381 114 470 125 345 168 463 185 325 208 452 197 379 244 425 247 355 290 397 285 365 350 397 347 
381 114 470 125 345 168 463 185 324 209 452 196 379 244 425 247 355 290 397 285 365 350 397 347 
381 114 471 125 345 167 463 185 324 209 452 195 379 244 425 247 355 290 397 285 365 350 397 347 
381 114 471 125 345 168 463 185 324 209 452 196 379 244 425 247 355 290 397 285 365 350 397 346 
381 114 471 125 345 168 463 185 324 209 452 196 379 244 425 247 355 289 397 285 365 350 397 346 
381 114 471 125 345 168 463 184 324 209 452 191 379 244 425 247 355 290 397 285 365 350 397 346 
381 114 470 125 345 167 463 184 323 209 452 190 379 244 425 247 355 290 397 285 365 350 397 346 
381 114 470 125 345 167 463 184 323 208 453 188 379 244 425 247 355 290 397 285 365 351 397 346 
381 114 470 124 345 167 463 184 323 207 454 186 379 244 425 247 355 290 397 285 365 351 397 346 
381 114 470 124 344 167 463 183 323 207 454 188 379 244 425 247 355 290 397 285 365 352 397 346 
380 114 470 124 344 166 475 173 324 207 454 176 379 244 425 247 357 290 397 284 368 351 397 346 
380 114 470 124 344 166 476 168 324 208 454 173 379 244 425 247 357 290 397 284 370 350 397 346 
380 114 470 124 344 166 475 169 324 208 454 171 379 244 425 247 358 288 397 283 370 350 397 346 
380 114 470 124 344 166 472 169 324 209 454 174 379 244 425 247 358 287 397 283 370 350 397 345 
380 114 470 124 344 166 470 170 324 209 455 175 379 244 426 246 358 287 397 283 371 350 397 345 
380 114 470 124 344 166 467 176 324 210 455 176 379 244 426 246 359 288 397 282 371 350 397 345 
380 114 470 124 344 166 467 176 324 210 455 172 380 244 426 246 359 288 398 282 371 350 397 345 
380 114 470 124 344 166 473 171 323 211 455 173 380 243 426 246 359 288 398 282 371 350 397 345 
380 114 470 124 344 166 475 168 322 211 456 173 380 243 426 246 359 288 398 282 371 350 397 345 
380 114 470 124 344 166 469 177 321 211 456 180 380 243 426 246 359 288 398 283 371 350 397 345 
380 114 470 124 344 166 466 180 322 211 456 185 380 243 426 246 359 288 398 283 371 350 397 345 
380 114 470 124 344 166 465 181 323 210 456 184 380 243 426 246 358 289 398 283 371 350 397 345 
380 114 470 125 344 166 464 184 325 205 456 195 380 243 426 246 358 289 398 283 371 350 397 345 
380 115 470 126 344 166 463 185 326 203 455 197 380 244 426 246 358 289 398 283 371 350 397 345 
380 115 470 126 344 166 463 186 326 202 455 198 380 244 426 246 358 289 398 283 371 349 397 345 
380 115 470 126 344 166 463 186 325 203 455 198 380 244 426 246 358 289 398 283 371 349 397 345 
380 115 470 126 344 166 463 186 326 203 455 197 380 244 426 246 358 289 398 283 371 349 397 345 
380 115 470 126 344 167 463 186 326 203 455 197 380 244 426 246 358 288 398 283 370 349 397 345 
380 115 470 126 344 167 463 186 326 203 455 196 380 244 426 246 358 287 398 283 370 349 397 345 
380 115 471 126 344 167 464 186 327 203 455 195 380 244 426 246 358 287 398 283 370 349 397 345 
380 115 471 126 344 168 464 186 327 204 455 194 380 244 426 246 358 287 398 283 370 349 397 345 
380 114 471 126 344 169 464 186 327 204 454 193 380 244 426 246 358 287 398 283 370 349 397 345 
380 114 471 126 344 169 464 186 327 204 454 192 380 244 426 246 358 287 398 283 370 349 397 345 
380 114 471 126 344 169 464 186 327 204 454 192 380 244 426 246 358 287 398 283 370 349 397 345 
380 114 471 126 344 168 464 185 324 207 454 192 380 244 426 246 358 288 398 283 370 349 397 345 
380 114 470 126 344 167 464 185 323 209 454 196 380 244 426 246 358 289 397 283 370 350 397 345 
380 114 470 126 344 167 465 185 322 209 454 196 380 244 426 246 358 289 397 283 370 350 397 345 
380 114 470 126 344 167 465 185 322 210 454 195 380 244 426 246 357 289 397 283 370 350 397 345 
380 114 470 126 344 166 465 184 323 209 453 195 380 244 426 246 357 289 397 283 370 350 397 345 
380 114 470 126 344 166 465 184 324 208 453 187 380 244 426 246 357 289 397 282 370 350 397 344 
380 114 470 126 344 166 464 184 323 209 453 184 380 244 426 246 357 288 397 282 370 350 397 344 
380 114 470 125 344 167 464 184 324 209 453 183 380 244 426 246 358 288 397 282 370 350 397 344 
380 114 470 125 344 167 464 184 324 209 453 182 380 244 426 246 358 288 397 282 370 350 397 344 
380 114 470 125 344 168 464 184 325 209 453 178 380 244 426 246 357 288 397 282 370 350 397 345 
380 114 470 125 344 168 464 184 325 209 453 179 380 244 426 246 358 287 397 282 370 350 397 344 
380 114 470 125 344 168 464 184 325 209 453 180 380 244 426 246 358 287 397 282 370 350 397 344 
380 114 470 125 343 168 464 184 325 209 453 189 380 244 426 246 357 289 397 283 369 350 397 345 
380 115 470 125 344 169 464 184 324 212 454 191 380 244 426 246 357 290 397 285 369 350 397 346 
380 115 470 125 344 169 472 172 323 213 456 174 380 244 426 246 357 290 397 285 367 350 397 346 
380 115 470 125 344 169 468 175 324 213 454 186 380 244 426 246 357 290 397 286 366 350 397 346 
380 115 470 125 344 169 473 176 323 213 454 192 380 244 426 246 357 290 396 286 366 350 397 347 
380 115 470 125 344 168 470 179 323 213 454 193 380 244 426 247 357 290 396 286 365 350 397 347 
380 115 471 124 344 169 468 182 324 213 454 198 380 244 426 247 357 290 396 286 365 350 397 347 
380 115 471 124 344 169 467 184 324 212 454 199 380 244 426 247 357 290 396 286 365 349 397 347 
380 115 471 124 344 169 465 184 325 212 453 198 380 244 426 247 357 289 396 286 365 349 397 347 
380 115 471 124 343 169 464 184 325 212 454 198 380 244 426 247 357 289 396 286 365 349 397 347 
380 115 471 124 343 168 464 184 325 211 454 197 380 244 426 247 357 289 396 286 365 349 397 347 
380 115 471 124 344 168 464 184 325 211 455 188 380 244 426 247 357 290 396 286 365 349 397 347 
380 115 471 125 344 166 464 184 324 209 455 189 380 244 426 247 356 290 396 286 365 350 397 347 
380 115 471 125 344 166 464 184 323 209 454 189 380 244 426 247 355 290 396 286 365 350 397 347 
380 115 471 126 344 166 464 184 323 209 454 190 380 244 426 247 355 289 396 286 366 350 397 347 
380 115 471 126 344 166 464 184 324 208 453 190 380 244 426 247 355 289 396 286 365 350 397 347 
380 114 471 126 344 166 464 184 324 208 453 195 380 244 426 247 354 289 396 286 366 351 397 347 
380 114 471 126 344 166 463 185 325 208 453 198 380 244 426 247 354 289 396 286 366 351 397 347 
380 114 471 126 344 166 463 185 324 208 453 198 380 244 426 247 354 289 396 286 366 351 397 347 
380 114 471 126 344 166 463 185 324 208 453 198 380 244 426 247 354 289 396 286 366 351 397 347 
380 114 471 126 344 166 463 185 324 210 453 199 380 244 426 247 354 289 396 286 365 350 397 347 
380 114 471 126 344 166 463 185 324 210 453 199 380 244 426 247 354 289 396 286 365 350 397 347 
380 114 471 126 344 166 463 185 324 210 453 199 380 244 426 247 354 289 396 286 366 350 397 348 
380 114 471 126 344 166 463 185 323 210 453 199 380 244 426 247 354 290 396 286 366 350 397 348 
380 114 470 125 344 166 471 178 322 211 454 199 380 243 426 246 354 290 396 286 366 351 397 347 
380 114 470 125 344 166 474 176 322 212 454 199 380 243 426 246 354 290 396 286 366 351 397 347 
380 114 470 125 344 166 470 178 321 212 454 199 380 243 426 246 354 291 396 286 366 351 397 347 
380 114 470 125 344 166 473 176 321 212 454 199 380 243 426 246 354 291 396 286 365 351 397 347 
380 114 470 125 343 166 474 176 321 212 454 199 380 243 426 246 354 291 396 286 365 350 397 347 
380 114 469 125 343 166 475 176 320 213 454 199 379 243 426 246 354 291 397 286 365 350 397 347 
380 114 469 125 343 166 469 179 320 213 454 199 379 243 426 246 355 290 396 286 366 349 397 347 
380 114 469 125 343 166 466 180 321 213 454 199 379 243 425 246 355 290 396 286 366 349 397 346 
380 114 469 125 343 167 465 181 322 213 454 199 379 243 425 246 355 289 396 286 367 349 397 346 
380 114 469 125 343 167 464 182 323 213 454 199 379 243 425 246 355 289 396 285 367 349 397 345 
380 114 469 125 343 167 463 182 323 213 454 199 379 243 425 246 355 289 396 285 368 349 397 345 
380 114 469 125 343 167 463 182 324 213 454 199 379 243 425 246 355 289 396 285 368 349 397 345 
380 114 470 125 343 168 463 183 324 213 453 179 379 244 426 246 355 289 396 285 369 349 397 345 
380 114 470 125 343 168 463 183 324 212 453 172 379 244 426 247 355 289 396 285 369 349 397 345 
380 115 470 126 343 169 464 181 324 212 453 169 379 244 426 247 355 290 396 285 370 349 397 345 
380 115 470 126 343 169 464 181 325 211 453 171 380 245 426 247 356 290 396 285 370 349 397 345 
380 115 470 126 343 169 463 182 325 210 452 174 380 245 426 247 356 290 396 285 370 349 397 345 
380 115 470 126 343 168 464 180 325 210 452 172 380 245 426 247 356 290 396 285 370 349 397 345 
380 115 470 126 344 168 464 179 325 210 452 167 380 245 426 247 356 290 396 285 370 350 397 345 
380 115 470 125 344 168 470 167 323 210 452 164 380 245 426 247 356 290 397 285 370 350 397 344 
380 115 469 125 344 168 470 168 324 209 453 159 380 245 426 247 356 290 397 285 370 350 397 344 
380 115 469 125 345 168 469 168 323 210 453 163 380 245 426 247 356 290 397 285 370 350 397 344 
380 115 469 125 345 168 467 175 322 210 453 166 380 245 426 247 356 290 397 285 370 350 397 344 
380 115 469 125 345 168 466 179 322 210 453 172 380 245 426 247 356 290 396 285 370 350 397 344 
380 115 470 125 345 166 466 181 322 209 453 188 380 245 425 247 355 291 397 285 368 351 397 345 
381 114 470 125 345 165 465 182 322 210 453 191 380 245 425 247 355 291 397 285 367 352 397 345 
381 114 470 125 344 165 465 182 321 210 453 192 379 245 425 247 355 291 397 285 367 352 397 345 
381 114 470 125 344 165 465 183 321 211 453 192 379 245 425 247 355 291 397 285 367 352 396 345 
381 114 470 125 344 165 465 183 323 208 453 192 379 245 425 247 355 291 397 285 367 352 396 345 
381 114 470 125 344 165 465 183 323 207 452 192 379 245 425 247 355 291 396 285 367 352 396 345 
381 114 470 125 344 165 465 183 323 208 452 192 379 245 425 247 355 291 396 285 367 352 396 345 
381 114 470 125 344 165 465 183 323 209 453 192 379 245 425 247 355 291 396 285 367 352 396 345 
381 114 470 125 344 164 464 183 323 210 453 196 379 245 425 247 355 291 396 285 367 352 396 345 
381 114 470 125 344 164 464 183 324 208 453 198 379 245 425 247 355 291 396 285 367 352 396 345 
381 114 470 125 344 165 464 183 323 210 453 197 379 245 425 247 355 291 396 285 367 352 396 345 
381 114 470 125 344 165 464 183 324 209 453 198 379 245 425 247 355 291 396 285 367 352 396 345 
381 114 470 125 344 165 464 185 324 209 453 199 379 245 425 247 356 290 396 285 367 352 396 345 
381 114 471 125 344 165 464 185 325 209 452 198 379 245 425 247 356 290 396 285 366 352 396 345 
381 114 471 126 344 165 463 186 326 209 451 198 379 245 425 247 356 290 396 285 367 351 396 345 
381 114 471 126 344 166 463 186 326 209 451 194 379 245 425 247 357 290 396 285 367 351 396 345 
381 114 471 126 344 166 463 186 326 208 451 196 379 245 425 247 357 290 396 285 367 351 396 345 
381 114 471 126 344 166 463 185 327 207 451 197 379 245 425 247 357 290 396 285 368 352 396 345 
380 114 471 126 344 166 462 186 327 206 450 197 379 245 425 247 357 290 396 285 368 351 396 345 
380 114 471 126 344 166 462 186 327 205 450 197 379 245 425 247 357 290 396 285 368 351 396 345 
380 114 471 126 344 166 462 186 327 205 450 197 379 245 425 247 357 290 396 285 368 351 396 345 
380 114 471 126 344 166 462 186 327 205 450 197 379 245 425 247 357 291 396 285 368 351 396 345 
380 114 471 126 344 166 462 186 327 206 451 198 379 245 425 247 357 291 396 285 368 351 396 345 
380 114 471 126 344 166 462 186 327 206 451 198 379 245 425 247 357 291 396 285 368 351 396 345 
381 114 471 125 344 166 462 185 327 206 451 194 379 245 425 247 357 289 396 284 368 350 396 345 
381 114 471 125 344 166 463 184 324 207 452 185 379 244 426 246 357 289 396 284 369 350 396 345 
381 114 471 125 344 166 464 183 324 207 452 183 379 244 426 246 357 288 396 284 369 349 396 345 
381 114 471 125 344 166 464 183 325 207 452 182 379 244 426 246 357 288 396 284 369 349 396 344 
381 114 471 124 344 166 464 183 325 207 452 183 379 244 426 246 357 288 396 283 370 349 396 344 
381 114 471 124 344 167 464 183 325 207 452 184 379 244 426 246 357 288 396 283 370 349 396 344 
381 114 471 124 344 167 464 183 325 207 452 184 379 244 426 246 357 288 396 283 370 349 396 344 
381 114 471 124 344 167 464 183 325 207 452 184 379 244 426 246 357 288 396 283 370 349 396 344 
381 114 471 124 344 167 464 183 325 207 451 186 379 244 426 246 357 288 396 283 370 349 397 344 
381 114 471 124 344 167 464 183 325 207 451 187 379 244 426 246 357 288 396 283 370 349 397 344 
381 114 471 124 344 168 464 183 326 207 451 187 379 244 427 246 357 287 396 282 370 349 397 344 
381 114 471 125 344 168 464 183 326 207 451 184 379 244 427 246 357 287 396 282 370 349 397 344 
381 114 471 124 344 167 465 183 326 206 452 183 379 244 426 246 358 287 397 282 371 349 397 344 
381 114 470 124 344 166 465 183 326 206 453 183 379 244 426 246 358 288 397 282 372 349 396 344 
380 114 470 124 344 166 478 169 326 206 454 163 379 244 426 246 358 288 397 282 372 349 396 344 
380 114 470 124 344 166 479 166 326 205 454 160 379 244 426 246 358 288 397 282 372 349 396 343 
380 114 470 124 344 166 471 174 326 205 454 166 379 244 426 246 358 288 397 282 371 349 396 344 
380 114 470 125 344 166 467 178 326 203 454 174 379 244 426 246 358 289 397 282 371 350 396 344 
380 114 470 125 344 166 465 180 327 203 454 186 379 244 426 247 358 289 397 283 371 350 396 344 
380 114 470 125 344 166 464 181 327 203 453 189 379 244 426 247 358 289 397 283 371 350 396 344 
380 114 470 125 344 166 463 182 327 202 453 189 379 244 426 247 358 289 397 283 371 350 396 344 
380 114 470 125 344 166 463 182 327 202 453 195 380 244 426 247 358 288 397 283 371 350 396 344 
380 114 470 125 344 166 463 183 327 202 453 196 380 244 426 247 358 288 397 283 371 350 396 344 
380 114 470 125 344 166 462 183 327 201 453 196 380 244 427 247 358 288 397 283 371 350 396 344 
380 114 470 125 344 168 462 183 323 211 453 192 380 244 427 247 358 289 397 284 371 350 396 344 
380 114 470 125 344 168 462 183 323 213 453 196 381 245 427 247 358 289 397 284 369 350 396 344 
380 114 470 125 344 169 462 185 323 214 453 198 381 245 427 247 358 289 397 284 368 351 396 344 
380 115 471 125 344 169 463 185 323 214 453 198 381 245 427 247 357 290 397 285 368 352 397 345 
380 115 471 125 344 169 463 186 323 215 453 199 381 245 427 247 357 290 397 285 367 353 397 345 
380 115 471 125 345 170 464 186 322 216 453 199 380 246 427 248 357 290 397 285 367 353 397 346 
380 115 471 125 345 170 463 187 322 216 453 199 380 246 427 248 357 290 397 285 367 353 397 346 
380 115 471 126 345 170 464 187 322 218 452 204 380 246 427 248 357 290 397 285 367 353 397 346 
380 115 471 126 345 170 465 187 322 219 452 205 380 246 427 248 357 290 397 285 367 353 397 346 
380 115 471 125 345 170 466 187 322 219 454 204 380 246 427 248 357 290 397 286 367 353 397 346 
380 114 471 125 345 170 469 186 320 219 455 198 380 246 427 248 357 290 397 285 367 354 397 347 
380 114 471 125 345 170 469 185 320 219 455 200 380 246 427 248 357 291 397 285 366 354 397 347 
380 114 471 123 345 167 484 171 319 218 488 191 380 245 428 247 357 289 397 284 366 354 397 347 
380 114 471 123 345 164 474 173 319 218 470 201 380 244 428 247 357 289 397 284 366 354 397 347 
380 114 471 124 345 163 470 174 319 217 463 208 381 244 428 246 357 289 397 284 366 354 397 348 
380 114 471 123 344 163 468 175 319 215 462 208 381 243 428 246 357 289 397 284 366 354 398 348 
380 114 471 123 344 161 480 171 319 212 479 207 381 243 428 245 357 289 397 284 365 354 398 349 
381 114 471 123 344 161 483 168 320 210 481 201 381 242 428 245 357 289 397 284 365 354 398 349 
381 114 471 123 344 161 483 166 320 210 482 197 381 242 429 244 357 289 397 284 365 354 398 349 
381 114 471 123 344 161 482 164 320 210 482 191 382 241 429 244 357 289 397 284 365 352 398 349 
381 115 471 123 344 162 482 162 320 209 483 187 382 241 429 244 357 289 397 285 365 352 399 349 
381 115 470 123 344 162 482 160 321 209 487 172 382 241 429 244 356 289 397 286 364 351 399 349 
381 115 470 122 344 161 483 159 321 207 488 170 382 241 429 244 356 290 397 287 363 351 399 349 
381 115 470 123 344 161 483 160 322 206 487 170 382 242 429 244 356 290 397 287 363 351 400 349 
381 115 469 123 344 161 486 161 325 199 489 171 382 242 429 244 355 290 397 288 362 351 400 349 
381 115 469 123 343 161 485 164 326 199 481 182 381 243 429 244 355 290 397 288 362 351 400 349 
381 115 469 124 343 160 485 166 327 196 470 197 381 243 429 245 355 290 397 288 363 351 401 350 
381 115 469 124 343 157 485 166 327 193 468 200 381 244 428 245 355 291 397 289 363 351 401 350 
381 115 469 124 343 157 485 167 327 194 484 198 381 244 428 245 355 292 397 289 363 352 401 350 
381 115 469 124 342 157 485 167 328 194 487 196 381 244 428 245 355 292 397 289 364 352 401 350 
381 115 469 124 342 158 485 167 328 194 488 195 381 244 428 245 355 292 397 289 364 353 401 350 
381 115 469 124 342 158 485 167 328 194 487 195 381 244 427 245 355 293 397 289 364 353 401 350 
381 115 469 124 342 160 485 167 329 193 486 194 380 244 427 245 355 293 397 289 364 353 401 350 
381 115 469 123 342 161 485 166 329 193 498 174 380 244 427 245 355 293 397 289 364 353 401 350 
381 115 469 123 342 162 485 165 329 193 495 178 380 244 427 245 355 293 397 289 364 353 401 349 
381 115 469 124 342 162 485 168 330 193 493 180 380 244 426 245 355 293 397 289 364 353 401 349 
381 115 469 123 342 163 485 168 332 190 493 178 380 244 426 245 355 293 397 289 363 353 401 349 
381 115 468 123 342 164 485 168 332 189 501 171 380 244 426 245 354 292 397 289 363 352 401 349 
381 115 468 123 342 164 485 168 332 188 504 169 380 244 426 245 354 292 397 289 363 352 401 347 
381 114 468 123 342 163 485 168 332 189 494 170 380 243 426 244 354 292 397 289 363 352 401 348 
381 114 468 122 342 163 485 166 332 189 502 173 381 243 426 244 354 293 397 289 363 352 401 348 
381 114 467 122 342 161 486 164 332 189 504 174 381 243 426 244 354 293 397 289 363 352 401 348 
381 114 467 122 342 160 486 164 332 189 502 175 382 243 426 244 354 293 397 289 363 352 402 348 
381 114 467 122 343 160 485 164 332 189 493 189 382 243 426 244 354 294 397 289 363 353 403 348 
381 114 468 122 343 159 485 164 332 190 489 192 382 243 426 244 354 295 397 289 363 354 403 348 
381 114 468 122 343 160 476 174 332 190 483 196 382 243 426 244 354 295 397 289 363 355 404 348 
381 114 468 122 344 160 473 178 332 191 476 197 381 243 426 244 354 295 397 289 363 355 404 348 
381 114 468 123 344 161 471 179 332 191 475 201 381 243 426 245 354 295 397 289 363 356 404 348 
380 114 468 124 343 162 470 181 332 196 463 201 380 244 426 245 354 295 397 289 364 356 404 349 
380 114 468 124 342 163 470 182 328 205 469 203 379 244 426 245 354 295 397 289 364 356 404 349 
380 114 468 124 342 163 470 181 327 206 473 203 379 244 426 245 354 294 397 289 364 356 404 349 
380 114 468 124 342 163 470 181 326 207 476 202 378 244 426 245 354 294 397 289 364 356 404 349 
380 114 468 124 342 163 480 181 325 207 484 202 377 244 426 244 354 294 397 288 364 356 404 349 
380 114 468 123 342 164 482 180 325 207 487 201 377 244 426 244 354 293 397 288 364 356 403 349 
379 114 467 123 342 164 482 178 325 206 491 201 377 244 426 244 354 293 397 288 364 355 403 349 
379 114 466 122 342 164 482 174 326 206 511 201 377 241 426 243 354 290 398 287 364 355 403 349 
378 114 464 121 342 164 482 172 326 206 516 201 377 240 426 242 354 290 398 287 364 355 404 349 
378 114 463 121 342 164 483 172 326 205 518 201 377 239 425 242 354 290 397 287 364 355 404 349 
377 114 463 121 341 166 484 174 326 205 519 203 377 239 424 242 353 290 397 287 364 356 404 349 
377 114 463 121 340 167 485 177 326 206 518 205 377 239 424 242 353 290 396 287 363 356 404 349 
377 114 463 121 340 170 485 182 330 196 503 207 377 240 424 242 354 289 398 287 363 355 405 349 
377 115 463 122 340 171 483 185 331 195 484 208 377 243 424 243 354 289 398 287 364 355 405 349 
377 115 463 122 340 171 483 186 332 193 485 209 377 244 425 243 356 289 398 287 365 355 405 349 
377 115 463 122 340 171 482 186 334 193 475 209 377 244 425 243 356 289 398 287 367 355 405 349 
377 115 464 122 340 171 480 186 335 193 473 209 377 244 425 243 356 289 398 287 367 354 405 349 
377 115 464 122 340 171 479 186 334 193 474 210 378 244 425 243 356 289 397 287 367 354 404 349 
377 116 464 121 341 171 477 185 334 194 475 211 378 244 425 242 356 288 397 287 367 354 404 349 
377 116 464 121 342 171 476 182 334 195 476 212 379 243 425 241 356 287 397 287 367 354 404 349 
377 116 464 121 342 171 476 183 334 195 478 215 379 243 425 240 356 287 397 287 366 353 404 349 
377 116 464 121 342 171 476 183 334 195 484 216 379 243 425 241 355 287 397 287 365 353 404 349 
378 116 464 121 342 171 476 183 332 198 488 217 379 243 425 241 355 288 397 287 365 353 404 349 
378 116 465 122 342 171 477 183 332 200 488 218 379 243 425 241 355 288 397 287 365 353 404 348 
378 116 465 121 342 170 477 182 331 201 490 217 378 243 425 241 356 288 397 287 365 353 404 348 
378 116 465 121 342 169 477 181 330 202 490 217 378 243 425 241 356 288 397 287 365 353 404 348 
378 116 465 121 342 168 477 180 329 202 491 213 378 243 425 241 356 288 398 287 365 353 405 348 
377 116 465 121 342 168 476 180 329 203 489 213 378 242 426 241 356 288 398 287 366 353 406 348 
377 116 464 120 342 168 476 179 328 203 489 213 378 242 426 241 356 288 398 287 366 354 406 348 
377 115 464 120 342 166 477 175 328 204 494 206 379 241 426 240 356 288 398 287 367 354 406 348 
377 116 463 119 342 166 481 158 328 203 501 168 379 241 427 239 356 288 398 287 367 354 406 348 
377 116 463 118 343 165 481 130 328 203 481 89 379 241 427 239 356 288 398 287 367 354 406 348 
377 116 463 118 344 165 482 130 328 203 477 86 379 241 427 239 356 289 398 287 366 354 406 348 
377 116 463 118 344 165 482 135 328 203 479 117 379 241 427 239 355 289 399 287 367 354 406 348 
377 116 463 118 344 166 482 132 328 203 473 92 379 241 427 239 355 289 399 287 367 354 406 348 
377 116 463 118 344 166 481 126 328 204 472 86 379 241 427 240 355 290 398 287 367 355 406 348 
377 116 462 118 344 167 480 128 328 203 469 93 379 241 427 240 355 290 398 287 367 354 406 348 
377 116 462 118 344 167 478 125 330 203 467 86 379 241 428 240 356 289 398 287 368 353 406 348 
377 116 462 118 344 168 478 135 330 202 470 125 379 241 428 240 356 288 398 287 368 353 406 348 
377 116 461 118 344 168 477 154 330 202 471 165 379 241 428 240 356 288 398 287 368 353 405 348 
377 116 461 118 344 168 477 156 330 202 471 161 379 241 428 239 356 288 398 287 368 353 405 348 
377 116 461 118 344 168 476 166 330 203 471 190 379 241 428 239 356 288 398 287 368 353 404 348 
377 116 461 118 344 168 476 169 330 203 471 195 379 241 428 239 356 287 398 287 369 353 404 349 
377 116 461 118 344 168 476 172 330 203 471 200 379 241 428 239 356 287 398 287 370 353 404 349 
377 116 461 119 344 169 476 169 330 203 469 185 379 241 428 239 356 287 398 287 371 353 404 349 
377 116 461 119 344 169 476 166 330 203 469 179 379 241 428 239 356 287 398 287 371 353 404 350 
377 116 461 119 344 169 476 153 330 204 468 146 379 241 428 239 356 287 397 287 372 353 404 350 
377 116 461 119 344 169 476 153 330 204 469 147 379 241 428 239 356 287 397 287 372 353 404 350 
377 116 460 119 344 169 475 153 330 199 466 145 379 241 428 239 357 288 397 288 371 353 404 350 
377 117 460 119 344 169 475 151 332 198 467 142 378 242 427 239 357 289 397 289 371 353 404 350 
377 117 460 119 344 169 473 170 332 198 457 196 378 242 427 239 357 289 397 289 371 353 404 350 
377 117 460 120 344 169 473 167 332 198 459 182 378 242 427 239 357 289 397 289 370 353 404 350 
377 116 461 121 344 169 474 175 332 198 460 205 378 241 426 240 356 289 397 289 370 353 404 350 
377 116 462 122 344 169 474 175 332 198 490 202 377 241 426 240 357 289 397 289 370 352 404 350 
377 116 462 122 344 169 477 172 332 198 504 195 377 240 425 240 357 289 397 289 370 351 404 350 
377 116 463 122 344 169 474 174 332 198 469 199 377 240 425 240 357 288 397 289 370 351 404 350 
377 116 463 121 344 167 473 172 332 198 458 194 376 239 425 240 357 284 397 286 369 349 404 349 
377 116 463 120 344 166 473 156 332 198 461 148 376 238 425 240 357 285 398 285 369 346 405 349 
377 116 462 118 344 165 472 148 332 198 463 136 376 237 425 240 358 282 423 278 369 344 405 349 
377 116 462 118 344 166 472 148 331 199 463 140 375 237 425 239 358 280 428 275 369 344 405 349 
377 116 461 117 344 166 467 121 331 200 462 99 375 237 425 238 360 277 435 271 371 343 407 349 
377 116 461 116 345 165 467 102 331 200 464 77 375 237 425 238 360 278 421 273 371 343 408 349 
377 116 461 116 345 163 467 95 331 200 465 70 375 236 425 238 360 277 415 274 371 343 409 349 
377 116 461 116 345 162 465 95 331 200 466 69 377 237 425 238 360 278 410 274 371 343 409 349 
378 116 461 116 345 162 463 98 330 201 466 73 380 238 426 238 361 279 407 275 371 344 409 349 
378 116 462 117 345 162 463 102 329 202 457 91 381 239 427 239 360 281 403 278 371 345 408 348 
378 116 462 119 344 163 463 117 328 205 453 94 382 240 427 240 360 283 401 281 371 348 407 348 
378 116 463 119 344 164 464 123 328 205 451 95 382 240 427 240 360 284 400 283 371 350 407 348 
378 116 463 119 344 164 464 123 328 205 452 99 382 240 428 240 360 285 398 283 373 350 406 348 
378 116 463 120 344 164 463 139 328 205 451 124 382 241 428 241 360 287 397 285 373 352 406 348 
378 116 463 120 344 165 464 120 328 204 458 86 382 242 428 241 359 288 398 285 373 352 406 349 
378 116 463 121 343 165 461 157 328 204 451 131 382 243 428 242 358 288 398 286 372 353 406 349 
378 116 463 121 344 166 462 155 329 201 449 140 380 243 427 242 358 288 397 286 371 354 404 349 
378 116 463 121 344 167 461 149 330 201 448 131 379 243 427 242 357 288 396 286 371 354 403 349 
378 116 463 121 344 167 461 151 330 202 449 133 379 244 427 242 357 288 396 286 370 354 403 348 
378 116 463 121 344 167 461 150 330 204 449 134 379 244 427 242 357 288 397 285 370 354 403 347 
378 116 463 122 344 168 462 149 330 205 450 132 379 244 426 242 357 289 396 286 371 353 403 346 
378 116 464 122 344 168 462 149 330 206 450 132 378 244 426 242 357 289 396 286 371 353 403 346 
378 116 464 122 344 168 461 168 330 206 450 140 378 244 426 242 356 289 396 287 371 353 403 347 
378 116 464 123 344 168 461 172 329 207 450 149 376 246 426 242 356 290 396 287 371 353 403 347 
378 116 464 123 344 168 461 172 329 208 450 150 376 245 426 243 356 290 396 287 371 353 403 348 
378 116 465 123 344 168 460 177 329 208 450 161 377 245 426 243 356 290 396 288 370 353 403 348 
378 116 465 123 344 168 460 178 329 207 450 169 376 246 426 243 356 290 396 288 370 353 403 348 
378 116 465 123 343 168 460 181 329 207 451 182 376 246 426 243 356 291 396 288 370 353 403 348 
378 116 465 123 343 168 468 171 330 202 451 161 376 245 426 243 356 290 396 288 370 353 403 348 
378 116 465 123 343 169 472 160 330 201 452 142 377 244 427 243 356 290 396 288 369 354 403 348 
378 116 466 123 343 169 470 175 331 200 452 157 377 244 427 243 356 290 396 288 369 354 403 348 
378 116 466 123 343 169 469 178 331 200 453 165 377 243 427 243 356 289 396 288 369 354 403 348 
378 116 466 123 343 169 468 176 331 200 453 161 376 243 427 243 356 289 396 288 368 354 403 349 
378 116 466 123 343 169 467 178 331 200 453 165 376 243 427 243 356 289 396 288 368 354 403 349 
378 116 466 123 343 169 466 176 331 200 454 164 376 243 426 243 356 289 396 288 368 354 403 349 
378 115 466 123 343 169 466 181 331 200 453 190 376 243 426 243 356 289 396 289 368 354 403 349 
378 115 466 123 342 169 465 182 331 202 453 193 376 243 426 243 356 289 396 289 367 354 403 349 
378 115 466 123 342 169 464 182 331 202 453 193 376 243 426 243 356 289 396 289 367 354 403 349 
378 115 466 123 342 169 464 182 331 202 453 188 376 243 426 243 356 289 397 289 366 354 403 349 
378 115 466 123 342 169 462 182 331 202 453 192 376 243 426 244 356 289 397 289 366 354 403 350 
378 115 466 123 343 169 462 181 331 204 453 175 376 244 426 244 356 289 397 289 367 353 403 349 
