-1.0 -1.0 -1.0 -1.0 -1.0 -1.0 -1.0 -1.0 -1.0 -1.0 -1.0 -1.0 -1.0 -1.0 -1.0 -1.0 -1.0 -1.0 -1.0 -1.0 -1.0 -1.0 -1.0 -1.0 -1.0 -1.0 -1.0 -1.0 -1.0 -1.0 -1.0 -1.0 -1.0 -1.0 -1.0 -1.0 
-1.0 -1.0 -1.0 -1.0 -1.0 -1.0 -1.0 -1.0 -1.0 -1.0 -1.0 -1.0 -1.0 -1.0 -1.0 -1.0 -1.0 -1.0 -1.0 -1.0 -1.0 -1.0 -1.0 -1.0 -1.0 -1.0 -1.0 -1.0 -1.0 -1.0 -1.0 -1.0 -1.0 -1.0 -1.0 -1.0 
-1.0 -1.0 -1.0 -1.0 -1.0 -1.0 -1.0 -1.0 -1.0 -1.0 -1.0 -1.0 -1.0 -1.0 -1.0 -1.0 -1.0 -1.0 -1.0 -1.0 -1.0 -1.0 -1.0 -1.0 -1.0 -1.0 -1.0 -1.0 -1.0 -1.0 -1.0 -1.0 -1.0 -1.0 -1.0 -1.0 
-1.460079328283413 18.536331747366567 -2.4226153576063028 10.382874228959347 58.36233438616281 32.54171809728789 -17.509696386121703 -9.915475525455733 -20.053699717634554 16.40102419494892 429.206108765679 82.54191036740288 -13.072788950285315 -75.0664467267405 -3.689998044889472 -10.910208630200671 -271.3726193931078 -14.848681299595606 -13.058217474412846 -102.16293182059816 -3.758732229578587 -10.48462717245987 -150.65925301712463 -4.256216231310063 -14.019592529071362 -86.79083695265075 -8.808358217347989 -10.874735557740088 -99.61974876812675 -8.161216063825478 -13.160420238883486 -71.91902516156351 -7.554250499240846 -11.573819994292792 -76.98861810376977 -6.687968299440566 
-1.7726405280550797 17.830780592484317 -2.927077735644755 10.538870127855446 61.744085524670396 33.00160810861316 -17.908521253053635 -6.841681077600431 -21.36856900115495 32.24834396088926 971.3861882470594 148.92188591854148 -14.289878919815726 -71.57049870565864 -5.515228582724796 -12.344239360979614 -306.8386545134963 -16.88569784171122 -12.891684024647667 -102.73400941542468 -3.504173508777865 -10.482849622522759 -150.91882376836273 -4.76147422248459 -13.88606197293889 -94.39000582258629 -9.281942834016979 -11.007264944377974 -103.33973514861728 -8.731618373415309 -12.644376910305544 -75.97104876092197 -7.591499430158858 -11.467275612996398 -77.67075621034795 -6.716515576929326 
-1.0000268917986088 15.671147505292332 -1.7110393509713493 10.345877220451621 58.63305324718279 32.80478949099958 -18.899175904353278 -3.2430293083939734 -22.90937123723244 30.028077940086312 787.4345636170784 132.49269106933338 4.8822154225449 -183.98655392835278 29.55764761393047 -12.346559706882243 -297.7501993666193 -15.099291884292372 -12.628467278650207 -106.57581879572989 -2.7763866693881685 -10.475938281103698 -158.0360009637725 -4.7527631174139815 -14.287744738370646 -104.60561595933585 -10.162328315559082 -11.110926093681448 -100.07125130204714 -7.6572154770304 -12.11387490967459 -84.98276801908455 -8.44360295129023 -11.760260383224322 -75.60647222961259 -6.591731207161513 
-0.8248046625236881 14.288805718021287 -1.4173343805079797 10.219821079958487 55.143826841191924 33.53715666817221 -19.940393753945415 1.185884770850131 -24.492717308747427 30.58548794555601 791.4925178141857 135.47428229575635 2.1427559416329087 -222.264081927208 27.273450050277567 -12.581536495090681 -318.26591181654715 -14.461683695642604 -12.404555171115135 -109.35156064512414 -2.210906792469925 -10.328132059878335 -161.34768011507344 -4.46718320247822 -14.126311665569188 -96.18253065288077 -9.122692208431383 -10.976391787968383 -101.47608956201174 -7.620988583185927 -12.478822593434163 -81.12701887884006 -8.004969407506854 -11.685143233513767 -75.7965822316682 -6.452032127477453 
-0.8340377544576255 14.321855668996275 -1.4489519555291275 9.86938856308061 53.37319535768524 33.51836375493162 -20.039428006958172 2.9178992970837605 -24.926664452370396 22.230961349464526 533.9204694307382 109.92851649948551 -1.86583139334404 -209.3258126747758 21.523206914020875 -12.582654138016956 -325.4757181816232 -14.97413128596306 -12.151196862498425 -112.24473440263054 -1.8158605522034885 -10.076048900407873 -162.27316084666626 -4.1652910081002865 -13.539421636773575 -79.0240252849729 -7.68762452104304 -10.669407627348926 -96.05026327711033 -6.562990077479194 -13.377542727592498 -71.06320907485102 -7.713585568519735 -11.624166952558198 -75.99182385632274 -6.436432500220781 
1.4595261142391573 18.15717868586089 2.7822147673501676 9.711249358251097 56.167246973828185 39.527492304320546 -18.648623117721225 9.745398984536346 -24.666496186050402 22.11335356698661 700.9265039680273 196.19059147941502 -2.7519056796130092 -296.5514389968507 26.51846330108012 -15.381281571075197 -397.9230073119597 -30.02383727215807 -11.060510252464864 -126.16482663418707 -0.4708611425830988 -9.470133767399197 -165.33736491856243 -6.050337322591705 -13.446591182712153 -81.20865651873748 -7.791422998579951 -10.331998435754778 -93.50596868037725 -5.999045075268974 -13.376420497526471 -71.65488772800275 -7.844881519465063 -11.543112819728083 -76.68912413826409 -6.46679623369211 
2.6413217762337693 17.446973172627573 5.373597369519467 9.137020329674133 52.06478206227396 40.47081187180252 -19.191797678164786 23.65361385886569 -27.00250296262907 16.830472157316827 586.9243399631598 164.33994818133283 -5.163113651608555 -355.49260988200666 25.391027489505866 -16.069083397215696 -419.9576640659356 -34.76672416857502 -10.86622394350211 -130.91872486237182 -0.28794571162559024 -9.378830243000474 -167.16360788504457 -6.902070756191638 -13.16602019139827 -94.99022121059636 -9.090089235915771 -9.998513253962681 -97.56266223109921 -6.62631340194388 -12.810177773482394 -75.84749629415201 -7.9706792663396016 -11.509979481769058 -76.96186604180657 -6.442553125983182 
3.306536095704698 17.442144265794003 6.825342811774602 9.080623020889476 52.748213190476044 41.31913566927956 -20.136044008499688 40.45552588178515 -30.742928881199532 19.606732573543393 682.2268103161192 185.7695474465622 -6.04064484450606 -367.64797268157906 22.85553686861629 -16.14445214425524 -421.25913644424617 -35.789225944036424 -10.812904706538824 -134.1511411547693 -0.4746734995359844 -9.243914861807278 -166.01129332945757 -7.676926607503796 -13.346485847253877 -98.42853550919155 -9.357820796139512 -9.95689461615322 -98.66579719232811 -6.79633234917204 -12.616152144121987 -77.6252947769015 -8.076889724229206 -11.446303800445397 -77.25567041535949 -6.417850261544615 
3.817608325284326 16.382929260854187 7.9779363554896 8.938088161006355 50.39886991913016 41.0048007911892 -20.368708103392777 54.45186915200254 -33.415757299192016 18.06191952843709 618.4657859766468 172.13416214388585 -6.906647398530591 -361.9137441521708 19.16744930056256 -16.843883303067 -432.5587329820309 -38.87707506031787 -10.612315740010938 -134.80345881329808 -0.10643957035077746 -9.02525805381834 -163.25496608033993 -6.99682551568143 -13.318014103842463 -97.39020694465664 -9.250894857715558 -9.902269149008616 -102.02010645975395 -7.5385303091288645 -12.62429472132381 -77.81241619313231 -8.12954664621107 -11.233604943954507 -79.11109881778563 -6.577011707410928 
3.8542374964987913 16.576672550244954 8.160785828127388 8.989326229461708 48.83297360430998 41.18864339326955 -19.961664386937525 54.62756774469498 -33.172874077097084 17.05148122565042 567.2057962296805 159.93101500850503 -7.534467862297303 -385.36498166401884 19.85836063188494 -17.085130037696107 -433.00550530612196 -39.34583310952909 -10.655604117257784 -138.77167837237565 -0.01445453389064027 -8.946420422820118 -163.33651250141705 -6.844800337275427 -13.183650900631546 -98.24772735053189 -9.392173093440084 -9.91022999875344 -103.32999262051605 -7.773152730625973 -12.702498233803242 -77.50551672850568 -8.12377386787361 -11.2228438027536 -79.33816007971204 -6.61694728179899 
3.9384474504807376 16.143034918444016 8.500603283359995 8.69083831969199 49.174197851927126 40.97166175876338 -18.522858998353037 44.14061789915393 -29.868023227293932 15.120854303527093 534.2216705180265 155.4528405085785 -8.13433419675309 -399.6517817276072 19.46658498734905 -17.577975847939737 -444.30097118881343 -42.12503722649565 -10.563264551130066 -139.6705256268465 0.30705691890954073 -8.835209244669894 -163.05947037561523 -6.3356331810079025 -13.014394847293934 -96.47900713193613 -9.226549473091008 -9.949517026377803 -104.5436611551304 -8.008394884978237 -12.724082716530788 -77.2692554381236 -8.069014271115599 -11.25908651086543 -79.28043227359248 -6.6240941008737435 
4.120965044593168 15.882032511049385 8.86884869954913 8.835699647878009 49.04122612953365 41.62419078201001 -17.536605612768483 34.03133703301576 -27.177302562365643 13.11094453043477 488.9452431397277 150.16654559070577 -8.123366070162836 -431.9451587451352 22.304273645585898 -18.69655863091499 -471.42050110504556 -47.12057652844997 -10.50089587515238 -139.87977863491597 0.4226755317017577 -8.835209244669894 -163.05947037561523 -6.3356331810079025 -12.706716438669075 -95.98631980931258 -9.218899183892265 -9.877054473633507 -104.31299438237782 -7.996736056063987 -12.694831445497957 -77.51579032014688 -8.108117323093282 -11.261696355754795 -79.06454058027798 -6.591518036533499 
4.219818659473443 17.011330082667342 9.109260597810337 8.969682624140551 50.10292205771749 42.65366680588959 -17.243879437812847 30.831660806630406 -26.28142728279596 11.846177734449391 435.5564665050209 141.67077328530084 -8.084986887439994 -431.55779817575825 22.461634940788535 -19.424383105776197 -484.4232577866412 -49.77098497131941 -10.46790862886618 -142.56639956228017 0.439369075706376 -8.818971653105464 -163.53475934856561 -6.633731204404135 -12.841003714222303 -94.66491821299908 -9.010436226400978 -9.931024296010444 -109.04974090498504 -8.883516478805522 -12.884851205978773 -77.68420816396873 -8.151748073433005 -11.149719741496854 -83.33426661845847 -7.01637955553799 
4.103873003633604 16.688400154732474 8.89672533265433 8.675841699131606 49.238368205440906 42.054290490420414 -17.454117646276547 30.616200651209237 -26.625921725002975 11.637645446078984 428.7786357436942 139.02102004720257 -8.094433425048749 -399.3791082069651 19.619511946973457 -19.475415811655857 -483.9038107277465 -51.469369377616175 -10.39790834834838 -142.76961297228752 0.34535804130345227 -8.794841298600494 -163.5935255944353 -6.604859154529439 -12.713557063096802 -92.01769681233397 -8.598833242788281 -9.922383487614493 -112.21529793345752 -9.519836805044237 -12.86162733375569 -77.42930611680514 -8.071581656181841 -10.95826555891252 -83.81167662974943 -7.105644320465709 
4.36459812199823 17.522011293138387 9.508012213453968 8.675841699131606 49.238368205440906 42.054290490420414 -17.173291775425447 29.679330201597356 -26.14649227712558 11.565999184225252 441.8310072740616 140.81696101907397 -8.044754520951738 -411.82423636402115 21.337625647681396 -20.13669108366856 -502.18380243587023 -55.78868693618931 -10.239375432950725 -143.2865196664253 0.6390897321330078 -8.794841298600494 -163.5935255944353 -6.604859154529439 -13.00965969571875 -87.98854253649094 -8.087541162371483 -9.803980501407711 -105.30139667136228 -8.27736190583418 -13.192293449214574 -74.74261177462857 -7.926924876165666 -11.01074059398015 -83.03192879716633 -7.023084083231851 
4.598457527816204 17.478910695970576 10.072897139034 8.720964050557763 49.70692126328013 42.69009430800066 -15.837083078537116 25.589974314353093 -23.921532235370556 9.850498254382527 391.92966389465136 132.11762285732274 -8.682040328986233 -606.8636177534229 32.82587014480898 -27.340008766783257 -668.2808814442376 -84.14579560293915 -9.96905808024563 -146.2229881962101 1.3899791783063131 -8.736954259387513 -163.40258604514818 -6.31490059543061 -13.037753114218438 -88.04398337548172 -8.013986260150588 -9.923736111069525 -107.93444135377537 -8.711953278275862 -13.175097132934798 -75.67642687962736 -7.962472178173328 -11.159822697819992 -84.3344912344229 -7.152595117170873 
5.237663788283881 17.185730331258792 11.560550083803149 8.567337697886213 48.71562236646121 42.736558692033086 -14.822868655029918 21.494303928416706 -22.085272221550188 8.01675668390114 308.62682682765495 113.21207759591569 -8.021063126272347 -966.937037634645 57.859497358026935 -29.66716764842607 -727.0280309681655 -93.65835811094738 -9.769377700607912 -153.48635371200845 2.0728446380455527 -9.06167413621311 -171.70052854161383 -7.20154486821107 -12.798535520424927 -90.93366125218182 -8.295128937527917 -9.91942500824818 -116.9867440523851 -10.932234853445475 -13.027779689085575 -78.19200774489265 -8.194564445300442 -10.96046613953188 -88.08287220537878 -7.779066672629218 
5.294102221935728 16.648240582476365 11.69297701643851 8.79582638723362 49.968378325247876 43.8742420060126 -14.54789693438414 21.76541211260832 -21.871155846315887 8.71431322688839 334.9153803902099 123.15024363404585 -6.50070285867061 -739.5186879650528 44.45807384797067 -28.268053249386785 -686.7879277581476 -89.03079161265197 -9.967654400365154 -152.10495743640132 1.7783542359263766 -8.988243593726825 -170.223994223127 -7.003621470344389 -12.898746611786914 -90.02991184220879 -8.138936782730315 -9.927092106891488 -114.56989198123148 -10.448339328267647 -13.14264061582692 -77.49727115080731 -8.161142752822098 -11.107464097805815 -86.15721156454823 -7.562995379315231 
5.1973407616802465 16.3582357218607 11.479268123301402 8.774782910671696 52.74280708120901 43.86488081331732 -14.550020475198606 39.78284621068807 -24.173312961097704 11.674747241056515 481.11181541881206 153.86368005004562 -4.738091979949732 -747.288960140464 50.258233081811056 -45.47423622352338 -960.2396351138538 -175.56854317512258 -9.994257545582595 -152.01766983988594 1.723946527292258 -8.982772979285414 -170.01122667398622 -6.826955593486521 -13.15011199159906 -94.77947299909081 -8.638993774635368 -9.92796394104505 -112.69334113327626 -10.050108402268908 -13.085700651914046 -76.53182725019187 -8.082317407708992 -11.091199924511647 -82.88754437685591 -7.189817790887029 
4.84327704926496 15.25795079599328 10.649935183289116 8.25036205755801 48.39150525895852 40.81927439724402 -13.844313239758822 57.948522417792894 -25.66171532590396 12.9009806242503 402.22556878110714 111.98921190133572 -22.84502288951533 1270.7642952797983 -132.08489393638024 330.25341201401653 6030.041401937515 1660.8185545385363 -10.454940490997974 -152.29982832118742 1.958383989248794 -9.692860341963863 -181.83282376777984 -6.655872193409805 -13.553423588242985 -98.04404508223384 -9.045423608884162 -10.045583816246667 -115.56824131753199 -10.72747012171272 -13.098554866162761 -76.43454360006602 -8.077326851128685 -11.152768233411523 -82.3257838195979 -7.066362003502095 
3.305847618067888 13.439003669086649 7.098541139836057 7.419675168481479 46.53048628610613 36.78937814507899 -17.53927512130247 69.15759774477009 -32.13423422262712 29.492457847686165 873.4748074717666 180.0974262777177 -14.024077858999208 245.09376475458893 -38.05324738587749 22.70105920989559 332.9958619091424 120.34105394286479 -10.628884375808196 -149.8528448808978 1.9715229711133617 -9.833430596307014 -182.9362700273006 -5.502372376655822 -13.376928717831921 -99.63801008623446 -9.390385211879495 -10.084874420914616 -121.53658951992395 -12.210431878768002 -13.054980768848376 -76.20384728468957 -8.052210725353811 -10.97141647547574 -83.4588171440428 -7.142848333500349 
1.42050113971192 14.080346432708314 2.8169270161054856 7.454683242288203 52.387718119962585 32.44751083892929 -28.195805216092463 125.58438866565729 -54.25856895658172 105.97517619518361 2898.188718507017 451.66933133620114 -19.23310892784554 181.08119831454104 -35.66118411107617 22.67182297281473 358.83363037622684 124.78858186353843 -10.832101071806322 -139.9073354133962 1.63405456174071 -9.78649218264019 -180.24203357898205 -4.147097227898521 -12.968252711774559 -102.67876340697356 -9.78352421797255 -10.283394901122286 -127.94457598494654 -13.557946669375609 -12.869634098377901 -76.66423316646737 -7.987848321803194 -10.83774550535484 -85.24559028764847 -7.390077407245832 
0.06552171662074457 12.332248422711771 0.07409449295576896 7.509935939318017 54.17120632441174 28.57809262467991 -26.53731292728183 58.46274977259426 -42.27968631707643 133.80066830672706 3296.7190882339237 440.4161891308046 -18.283441638545632 78.45193756142103 -28.302649683027564 26.189877111363913 414.1422404515724 135.2639354471911 -11.411053544100058 -124.7798090019728 0.07925331591587118 -9.836868785185564 -173.71781565777695 -2.5977632911932464 -12.97058758203936 -104.08479251817256 -10.078195720866235 -10.199698640274534 -126.18072602306833 -13.055124815040788 -12.698446956012022 -78.05071881913973 -8.071717848099079 -10.669821511079874 -85.87853223393995 -7.383651062985632 
-1.7187355125497032 8.48825945226311 -2.824027161294968 7.577241914254535 49.66644740771512 26.178489319721137 -19.738933399203557 1.1133471581738457 -24.584160533477885 49.51038762105077 1252.455856656926 159.4733288908194 -18.62968642878774 37.144394341366045 -24.961179809962793 25.32506833711865 351.4254488633786 120.27911471270652 -11.926363775438602 -115.84444802578255 -0.7522865454836127 -9.874816811819695 -171.0221393978713 -1.820403984760077 -13.237406627187541 -105.88812515944302 -10.224809902518183 -10.95631945276188 -116.06585037186697 -9.881238234760954 -12.547660502181188 -78.62039330182107 -7.805265902473045 -11.404411039560161 -79.35682211883999 -6.5369188210696425 
-2.716792738233878 2.7274021484725015 -3.9517104107192704 7.272654505131766 46.73995119493338 22.77293471238969 -18.149952368632036 -2.812613576362983 -22.426792117426384 23.985928909678012 538.3333644283118 78.78594871985989 -14.086336373161455 0.9043618930076945 -16.619174294304326 19.830857994775204 230.55391283926573 89.68645707388933 -12.597215986712312 -96.88055909333112 -2.198042852744606 -9.601977544885072 -163.5630561539097 0.71464036697842 -13.95548998629448 -75.87907335465148 -7.61079003492418 -11.025294638989594 -102.25977555316221 -7.865525475576743 -13.62610653045867 -69.29722942975482 -7.7371789686873 -11.52483246169146 -77.83941251635277 -6.5493193137080254 
-2.7633183775854167 -0.7580218278328481 -4.205482574685241 6.696956250938646 43.3810667851417 19.91681261106762 -17.60861220866382 -4.772673620623065 -21.49382708831353 23.30375404514183 598.1916801489998 58.73924500061183 -14.793981762329631 0.16855950142347925 -16.754856310149414 23.23999829924637 299.3847255043877 90.15768364945313 -13.069959600093716 -85.41084092255707 -3.578558591672024 -9.438317891965308 -150.66059076053347 2.7881687906009183 -14.365645790710884 -69.30411660139004 -7.9844214981530675 -11.378298287973346 -96.21766298586549 -7.163250583940886 -13.903182087430967 -66.65410105015837 -7.9383634474200955 -11.638230061854985 -76.92158826852842 -6.6054084720612884 
-3.405195806017222 -2.8117644277694227 -5.291599783922869 5.867105756449265 40.170428524974014 15.99928797480213 -15.588223288785164 -9.62388478209675 -19.579950193234687 18.740646613438653 709.024592907708 34.721678670122856 -24.204922008261214 1.1051570858834536 -26.156900740682907 167.46371905659507 2958.2058055210914 511.6124423556077 -13.470775070137266 -80.87124140940288 -4.517986449260032 -9.463351538743186 -143.87088217676683 3.1439113453573198 -14.320731367368841 -70.3225075308119 -7.965792481649307 -11.478212556199951 -95.07030361539147 -7.090198187167495 -13.924335905848553 -66.4159329434592 -7.959406252428484 -11.820576996716092 -76.06114344702627 -6.6645960551326695 
-3.997561793569769 -5.112665770337753 -6.34895168223355 5.413458572046451 33.530494638122825 13.797039204298471 -13.19784879897294 -11.968647155415097 -17.420472789196054 9.057804081175822 203.26939921079241 30.590287128320377 -22.49656063150198 -6.595119316282663 -24.999770017928856 -126.65724528446721 -2774.775512415499 -285.7553171370687 -13.81719947051587 -73.70396437412046 -5.59791452771369 -9.665534824415976 -141.84563449192368 2.7855569078533384 -14.364247158505082 -68.0249088666795 -7.885930444634172 -11.87045482941561 -90.4816415053758 -6.381068980409908 -13.803951083892821 -66.23671060402717 -7.819214006310457 -11.958744561953978 -75.9529738369189 -6.7165398798751035 
-4.651404364139111 -6.340564982391072 -7.4011117108523745 5.958028627908293 26.51237460181877 14.647943626767661 -12.534143043616186 -12.853723581838526 -16.91515124813497 7.280133212935295 87.86322500523552 29.26914096664368 -21.60574587699833 -6.377888685384405 -24.451267617376157 50.52174693727924 1283.1325608958068 83.72583557248619 -13.37213109286135 -71.91641151810336 -5.09012896962434 -8.689520070423086 -143.78507263527274 5.241643541072486 -13.839309035737944 -67.87609948956256 -7.2958802101347615 -11.725709155753858 -85.08695217064509 -5.176238712990637 -13.230361179548485 -66.96647477270267 -7.231287027407032 -12.05704173443769 -75.38991850053134 -6.691259095562066 
-5.2757848823650875 -6.937884969633923 -8.453677502791525 6.145597709084932 23.27904552482553 14.779977371318097 -13.170323153433333 -12.61040951002564 -17.84930956821896 7.697554137549677 87.83294452102507 29.501153817595263 -22.02864136324698 -6.070662325772936 -25.064245727858474 55.75966575307276 2206.8293351501575 20.29485305670218 -12.836515803717035 -74.2578945253839 -4.050443812965219 -8.7300352935333 -145.82572314704183 4.913175228608863 -13.646808289202099 -67.07475700276008 -7.13080825138773 -11.782959244572094 -85.56607777495432 -5.627580696775753 -13.095620551323497 -67.26434824984565 -7.081252586668384 -12.097220761451448 -75.00753780209669 -6.669098751482762 
-6.255195817037141 -6.650665632852952 -9.567093825980331 5.803540470041674 22.860448599943187 13.739469687263773 -12.910402554342578 -13.79127448146718 -17.524419202566435 8.682777907024578 99.85027363692251 32.69243262775302 -23.48702092479935 -4.875889829716618 -27.31336416002677 53.03654309633605 2641.6997043734286 -39.58487026213811 -12.904755893701028 -72.37610374819432 -4.379090165476079 -9.149038924155148 -139.0698512592682 3.8805145275067816 -13.852664145977409 -65.86193384768613 -7.473714856143664 -12.017321031359982 -87.78660490714688 -6.331640770058219 -13.068090523372552 -67.23758967147417 -7.04056485475985 -12.144951416521513 -75.50155143068618 -6.75932758938409 
-6.575395600189398 -6.417426690737409 -10.081186976125442 5.57375021756632 22.01742978156602 13.06673401171388 -13.605299821200186 -13.476001403692194 -18.125434659740765 9.025475213630557 101.81774683162914 33.76099020730447 -22.712030157183545 -8.589284266411573 -25.706248019375987 56.016083599951195 2571.8053692380927 -36.58355582779811 -12.952581051978012 -71.7151576022179 -4.534256776980659 -9.165287030055756 -134.7156273028559 3.7880065863398533 -13.85129745816045 -65.64636326296274 -7.4637116702224535 -12.283893470242079 -86.0169844134339 -6.435315104468563 -13.036970956173715 -66.9626393885551 -7.002568192947388 -12.169326011797287 -75.60495859117805 -6.785720899224515 
-5.981332509080366 -5.404940574249365 -9.158241688177213 5.411088432169316 21.59036451831911 12.810407703357447 -13.911951286016865 -12.020890402020777 -18.040069427952478 8.721208574385686 88.45822824815413 33.76172062365006 -23.568744232149594 -6.164953789661686 -26.906914338926217 86.31845351291106 3997.2144909919634 -53.631473211432244 -12.977536505588164 -72.54579262524342 -4.480113605009372 -8.916104734356953 -135.16174383686092 4.169802612445088 -13.70427805453882 -66.93489222337949 -7.1642300937392855 -12.323312764175963 -82.51073247074812 -6.032761400174831 -12.954530761362166 -67.24441983887598 -6.891897838524264 -12.373978865010287 -72.76088462187315 -6.65457374983133 
-5.61793590430462 -4.743713391614806 -8.461385019678831 5.847080048162818 23.400058676452698 14.340101447343299 -14.000757077881135 -11.70143854792807 -17.94271431268975 9.008989547503292 101.14467396220843 37.477005747532544 -23.336161301183047 -12.858438251921028 -25.655824613683162 -332.9887589018627 -11651.528678299303 -115.23454494303182 -13.186912618095336 -73.88018867523928 -4.656681358743606 -9.564339322074142 -141.40501187412906 3.235646555903882 -14.004831206174615 -67.73877771638085 -7.477919224452982 -11.281083130274727 -94.98441942285845 -6.615618383163443 -13.006317745687424 -67.25098785893661 -6.908958218019552 -10.838928174021621 -81.60803448391064 -6.4703315332945195 
-5.3801064845497315 -2.4567042624574325 -7.808227540145969 6.770559433460567 30.489622683844402 17.012199139329407 -15.220652089302156 -9.208895770259774 -19.16399839914941 8.178803868668785 105.73095684082197 39.40208070078793 46.8029051923056 -332.62206318003143 109.61647251842773 -1722.091104650275 -48682.16296656444 -1586.8634018161183 -13.513298063763058 -76.58492938193663 -4.981723911537673 -10.695921613792931 -145.20009618204236 0.36886817833514984 -14.150862691733812 -68.69453094970203 -7.659317772456686 -10.825528826023417 -101.16488204381247 -7.405580881297808 -13.597591668844887 -67.04333787117726 -7.537993519936857 -10.430081654565146 -83.6603593453011 -6.603674693373321 
-6.291600613539013 4.946678466850781 -8.709611389290439 8.400242105816838 38.53357859602793 23.81296590902722 -16.840007241317583 -6.820601189211253 -20.673642332387494 7.561329810891413 115.58029056033993 44.3426327073821 16.521359198644603 -241.12397423958652 55.559286458209364 1031.2741256639172 29057.2193822561 1376.3417998829293 -12.54126244772757 -97.96433965498989 -2.4172030363631065 -10.487107775374572 -158.50626419809947 -2.127494240455743 -13.261597175056211 -86.27462600012738 -7.607091202163719 -10.41846409720622 -106.67364745526345 -8.231254858800376 -12.930872250233616 -75.41621918558172 -7.450792210761929 -10.36074603080455 -83.9989873554861 -6.641037517657901 
-3.4106222875534606 21.41915228938564 -5.653556759451117 9.195553659773314 45.887237851448745 31.251224377709203 -18.389058757805063 -1.509689495982686 -22.185335524060847 7.126123917153365 174.32877879646708 52.46602453163614 11.45259626738046 -278.0611496390768 48.341935527232614 -1576.5238855484895 -41202.16849972598 -4013.590077532736 -11.750566492665573 -118.08192618281122 -1.3440758121306327 -9.989729232058437 -166.2062642795354 -4.861141616344118 -13.657422597557746 -84.92600398553634 -7.731899539465716 -9.827336133496765 -110.04284869209641 -8.652827513235449 -13.151023556538858 -74.36227568796234 -7.640843170600916 -10.349761756610997 -83.84184154260133 -6.587677955173755 
0.7746460775153459 30.492348812374285 1.2721491378977576 9.297266728184594 55.23392173384383 36.85623106436317 -20.334107167703515 5.881393413593797 -24.657353861806975 -1.7298449791118653 -353.5906889810006 -0.5656178925917317 -1.3575292527862726 -257.50497013764743 24.721136605793212 55.22892970469275 1533.2528453313578 180.63198999337973 -10.671146611168359 -131.42021912664632 -0.4308298915360607 -8.885973954858132 -163.93143699179666 -5.291585296458541 -12.93964765719374 -93.75650676022232 -8.616757161494688 -9.331300089219578 -108.46868696158943 -8.474407038668046 -13.122237234057108 -75.56703141443303 -7.896790193374489 -10.424700545372685 -82.2484084105092 -6.577985118508963 
4.344047337260927 40.68621165097305 9.143377011667004 7.5820407783954336 54.96440516244262 38.02563348122176 -32.843730557383935 134.7661932764165 -53.70779119210247 -9.459715365072315 -1089.243415450389 -78.9526021832353 -8.982513375677973 -216.2978649832573 5.52555228975009 -112.01845596370826 -3451.4911748972504 -462.1804128459628 -9.969781782897659 -132.5832871158568 -1.011587743316866 -8.086723392139639 -157.44142487855967 -5.368718437299978 -12.551948712715914 -83.25429395635658 -7.2071110641574245 -9.17656737146313 -98.30580701289384 -6.344146032737587 -13.145510912330334 -73.57299565735225 -7.863360673046919 -10.33570910344737 -81.9761212653953 -6.360735910970568 
7.519766308147113 61.55886538473885 17.060300495462485 6.437783906806662 67.9599882331269 39.50885584390772 229.68354587585208 -3563.9641842372016 601.3860275168679 -2.700167533530154 -430.06407053806777 -12.174469580696366 -14.033147142225106 -239.7286381856837 -9.551703802015172 -19.24054458341874 -655.6828304903199 -83.1102653922492 -9.068086008562736 -122.84539272590354 -1.421778230512716 -7.7427590336032495 -149.4691556742138 -4.5691386352309955 -11.657304141614594 -89.19051575886768 -7.38855748925635 -9.05587628311797 -97.27389838699898 -6.141490064302961 -12.678009833868826 -76.05414847083891 -7.8047536143318474 -10.349603382372232 -79.99152460519875 -6.0285779558116435 
8.868927396811554 66.57897633664999 21.6343355181 6.683463668246321 76.73369448542944 48.284612044737294 -65.53881394366317 987.0959951610604 -166.26144306820407 -6.935190611319644 -1027.5559841812735 -107.18122827344509 -12.389281598870756 -235.85363838993965 -4.990321893702771 -16.385468452287384 -618.1505127886767 -82.45681653347206 -9.176892393606327 -128.40146631732037 -1.580436137951342 -7.804672602714769 -155.5502896206783 -6.387255582064184 -11.261876562540712 -92.11480369633595 -7.533124451789831 -8.890286412310703 -101.06595950236499 -6.834219371581254 -12.264524476096073 -78.75441782209171 -7.754174222413252 -9.821009166287485 -85.57603408261234 -6.661186871975482 
10.03673771267871 55.18566519020597 24.246374691611773 9.12460855070788 91.32945660305712 60.57909158901185 -17.52456803301788 247.9636434548802 -42.20439995904068 -10.582012650352889 -2263.341115808345 -417.7591616654929 -9.586290969838858 -229.5100295668554 2.8858102854052388 -139.54246721184646 -4736.570438543189 -1035.158448214649 -9.912405759880157 -137.67699329888745 -2.012354007371099 -7.9308513298310075 -158.39934890251084 -7.398548670623513 -11.630136079669017 -92.47262940710335 -7.767377963667599 -9.185883902003402 -100.03438676961602 -6.823125342238217 -11.880630788327101 -80.00352006792971 -7.662551416215926 -10.327962206616375 -80.99656897329594 -6.12752593171877 
8.99927170831529 43.60150652145146 21.3968259829114 8.732791136895521 78.08126327689862 57.822418502263396 -16.285856791817977 88.15729852718886 -29.15554280231565 0.20895412146169667 228.51274148824936 101.49422775591076 -7.701058811215687 -238.4511691810853 9.072986940961906 -563.7671724273331 -17158.213162642613 -4256.49890294056 -10.324158923893377 -141.37012541817498 -2.13755574778996 -8.232451583202204 -157.90668306462632 -6.871895134503113 -11.746545313108873 -87.56467455145066 -7.062859521807351 -9.252507586898503 -99.21987091741642 -7.039064647953541 -11.758250935015717 -76.2403188471593 -6.797972771757244 -10.224297104153193 -81.01710870755288 -6.202211944805377 
7.2171005817821285 33.79085334278041 16.74074766545208 9.216590079714289 77.82386222473383 56.52548237238369 -12.271247056914412 43.74182516961264 -20.206567310773977 1.8116973789503092 267.8217669371186 128.05830924150635 -7.426567069189677 -341.74951653553904 15.865695903696887 -157.15520172500672 -4000.4465788087145 -1023.0451495402045 -10.754390851443912 -142.9335719537455 -1.7770605978586145 -8.397720744228591 -157.13159482421597 -6.753256554943291 -12.033896470778728 -83.79199663077638 -6.599178641067928 -9.395600715426369 -98.44839418131613 -6.988972541915013 -11.877864184684654 -74.47564033988357 -6.582271350502275 -10.09711441435566 -81.95272977841421 -6.241524761335181 
7.185920967870696 34.29418442315675 16.18913484150546 8.327030047130004 73.6154761820399 51.11488682353437 -10.206261837310663 38.45386179937632 -19.69934491546522 4.672701889404934 316.43905094143145 143.89701618700096 -2.250751707638408 -416.6224799425525 36.437605542927706 -35.16311658160888 -775.2236393789559 -156.78583806894562 -10.918193770142578 -140.94147114245607 -1.598146256876124 -8.629269959946203 -156.49231450703275 -6.9291669408408785 -12.260457005447428 -83.19491966720192 -6.650458066720103 -9.88003981191149 -98.0134854841447 -7.624000236500801 -11.806253898298715 -75.04046497384523 -6.553985674011016 -10.085680482643047 -81.99318448258637 -6.209645976118103 
3.5686672453480384 22.1791744967328 8.495562393709248 16.728942085109317 100.06201374804536 61.27364043028268 -5.426270506519152 46.5024132474878 -15.678682251522302 -177.0913550144708 -3132.913056348306 -1024.3145180081171 19.79416731655446 -954.8886743534706 125.96002997793316 -19.61611246289767 -332.1836883618834 -44.67711584292661 -10.945530307713023 -146.0800088040576 -1.364871812097661 -10.659518765001298 -158.4972552520829 -9.839192947033593 -11.812538591850384 -84.67504506577215 -5.849166322753632 -10.775898725210181 -96.96881811135617 -8.346663789368286 -11.714737277998093 -76.74997534474218 -6.71073973444212 -11.016976642891704 -80.79692267830727 -7.132932799699415 
3.6510362972876083 12.943370230024538 9.740663527781031 18.14837195023395 92.51156562067743 51.6790769086167 -6.429095244922711 23.910537350587052 -13.227825277605355 -40.89179792128605 -436.60435504485037 -116.24755083581945 -3.830338193569414 5.423556618961686 -7.682959204659938 -13.471721312947873 -239.24742506544405 -15.739960145440552 -11.501908531234246 -158.37737628043766 -0.9288441180254609 -11.25375581725115 -154.65702352415312 -8.615818427244047 -11.944838908133987 -84.38430345948008 -5.486125590676405 -12.434276820095628 -87.81490989742956 -7.587473577142258 -12.047837706226334 -76.05699837638406 -6.815623038817862 -12.417067595476572 -76.64780148773741 -7.6057775368791445 
4.157782131518463 17.441992506953717 11.814499647173323 13.941400559729354 95.26685986583598 33.936685457919424 -0.25998688134174597 67.51374629931115 -3.2284025109759593 -28.550228279304836 -414.9055656625113 -45.10772029814613 -2.6447208515120755 180.8810582167441 -29.737827121709497 -17.169066980080196 -293.3720811808437 -0.3149064752036486 -9.751136508729214 -142.712576097782 1.1990414882752134 -11.172443243909214 -133.88726797220755 -5.2617259529669305 -11.943894486843625 -82.2114644168375 -5.372804356070638 -12.353582126161973 -80.96408013742904 -6.359461592977258 -12.249268739368164 -73.52592672942231 -6.715685883195603 -12.767483012579733 -72.2924927953279 -7.232716821345522 
3.9739145101677935 18.56275020901196 12.523259305455921 9.003482768626345 71.042528139486 18.58985398221389 -3.7890937993099105 137.39593884880043 -20.732692877707255 -16.88761924744798 -461.1088829760704 0.6610218604099658 13.111142608094633 -727.0066893595243 138.13150649912447 5.56649038460712 -300.5830703570511 41.352832781702055 -8.798694268326392 -120.56625192055505 2.896417249918048 -11.420324921019347 -118.74467069085543 -3.807037610274315 -12.35567368846961 -74.49122692984834 -5.532535108890149 -12.912033414012537 -76.84979221601348 -6.76237960447517 -12.382448019822496 -69.37169532112925 -6.5189031063614875 -13.13552005877329 -69.7617731818339 -7.382901206918773 
3.124522422414721 16.230955146625337 10.920345674681256 6.605050886500363 60.579851558543645 11.729375533894746 -2.122908837122033 104.28449663481544 -17.531151020246774 -2.306005815956792 -362.4405065812597 21.914018664880647 -7.152901059017111 445.9854173560204 -109.1273974872283 22.70749993939488 -313.81518454077354 62.219385242020046 -8.858019089238844 -119.31531269939103 2.7288332389122143 -11.827494339801149 -109.27202562220594 -3.888240177600884 -12.217192609710388 -76.8242492891295 -5.532917784513903 -13.478779966510235 -74.83863122918588 -7.213324102344959 -12.292609734113288 -71.03006018045389 -6.552691167812914 -13.297442286028751 -70.12099076582702 -7.579843874623502 
0.977220164900461 30.01128767642646 2.7782097525654827 6.4827538675812 51.82294340391876 10.305278829520038 -20.993053249738526 365.23391747583116 -132.13130286599286 14.610224546520879 288.48455270788344 13.004400245207623 -0.6668364361515791 -152.93014859503853 29.115185673815716 2.2483855909716155 66.28226231889465 2.071754869422772 -9.40806698058018 -111.74249054673923 2.2853980140299677 -12.929125692997317 -106.72904605485581 -4.111999217752602 -12.503887485625846 -74.81852942003412 -5.688826784351334 -14.498667152792349 -72.64955936247937 -8.086559579792551 -12.606174947748759 -70.21434054364873 -6.707952779631696 -14.09884812234671 -67.82040102589795 -8.130930857725236 
-3.3301273799322653 10.827768472460296 -8.266752716398786 13.59556318649673 72.53804679048324 21.492195858048387 -11.171149457056204 -6.3254398539010115 -22.599066185491942 13.676220090485781 253.55373304177957 18.799056707452557 -5.699805987599797 -103.86432156921397 13.41739458855181 6.103101144344985 247.5731096273111 3.279243759102513 -10.86026014031267 -90.20035567876124 -0.010414864897886808 -13.08985821404913 -117.76040657843828 -4.1711679679286675 -13.081996096970926 -69.36874634029267 -6.393823770898024 -13.406796328876336 -78.93630102627313 -7.163507400656498 -12.849291504353712 -69.53765265278166 -6.888383439948842 -13.36636747989604 -70.88667354592741 -7.5921798778090634 
-5.025341862239926 -1.727371787926658 -7.610739200215511 12.93699047801657 73.80868059182212 22.931610620107378 -14.841010641118924 -12.71767013708632 -19.974745162588086 55.582584123623384 623.0416841522142 132.69371967219953 -17.937017163671428 -35.417737423899474 -15.926419518396559 -16.163777962619154 -1220.4392727731556 32.689495259437926 -14.101848984843752 -70.45743801821985 -6.371638820796428 -11.58823109520072 -116.2908352238204 -1.8933889718601449 -13.910176466146586 -67.49771618655338 -7.445936545342093 -13.013478334849493 -77.78010515828608 -6.468439001627438 -13.90312223508338 -66.1621406785337 -7.8553293167711145 -13.32211807870173 -69.49955467998304 -7.349367255072922 
-3.943250083690785 1.0915214804808069 -6.323130261329771 2.754294594933934 26.74938969667538 4.733213964767596 -32.30679286679315 359.5759642875933 -104.35696575925475 -3.8878518894660883 254.17327583833688 -11.901051705940217 -4.827040849435558 -119.39124366787384 16.698836985734726 76.21830900636344 -1035.3002569292516 205.47372801930317 -12.858482140042737 -80.26673449391393 -3.957097508289539 -12.502913221409921 -90.19925498980983 -2.949110139349948 -13.820930922605562 -70.05676657920536 -7.385444018806017 -13.907191816792109 -69.27153622489061 -7.393487597266107 -13.917378717873456 -67.56822351124096 -7.9837298337496385 -14.039494195437815 -66.28369494840179 -8.014049777451364 
4.333847122138251 74.13566080963847 8.46295349223073 0.5231456525637794 3.700232499712582 1.012373332644499 26.74108790282731 -793.9723083506107 63.31588574777308 -14.06121360743776 28.42544978313181 -25.17398126212114 64.20611422024763 -506.9653824990236 155.95006889245403 -35.33499679815237 163.48776060979148 -89.21293551019642 -3.2186960563825995 -119.86362898435226 14.695172250072801 -5.894964840066666 -102.52203804822113 9.477313406611875 -13.116734206949975 -73.69858379999668 -6.18398851285542 -13.282111970680624 -70.62040630654757 -6.244858566578184 -13.759237372663849 -68.32277192393073 -7.803863932049905 -14.119759107464937 -65.4139380565062 -8.096351352179484 
8.75265908109507 81.00338372545295 17.793916803510648 1.4442972863886177 6.634363674392731 2.821107651118957 -8.699473092802336 -306.33567408253367 -2.1069743062440907 -14.384305075263013 38.46741669617402 -28.501236686375005 -11.822319957696514 -254.86810094763584 -9.825693033400942 -26.907047707796004 150.4707205609478 -71.2209681249893 -11.199993866581387 -104.58777961568666 -1.3649464433813978 -10.789136770904358 -96.39695833724141 0.37752316402148917 -13.250014679045906 -79.9389051190436 -7.237437195584594 -13.562397080468827 -70.65435256567557 -6.814656391538785 -13.768506370737713 -69.48306175198506 -7.953721789500086 -14.117184873286506 -64.66022958822435 -8.17406613562964 
9.13242768737734 73.7721438903675 17.9707138250053 3.7931252650031935 12.548464342365925 9.149203080940609 -12.08767562921319 -243.70280904207334 -1.8075371494133023 -6.915858276690394 130.4872856056203 -22.82423891301862 -5.981943784521588 -202.2741965625541 8.048399426465878 2.8004455233508603 1379.7724034882315 -164.037094312374 -11.961569274434913 -104.6101857833599 -4.237169968743403 -10.6168727056339 -96.6079322582627 0.5743191433963621 -12.70505252899351 -78.68133590922905 -6.969341041986856 -12.11608661700623 -77.1208847660387 -5.282455338330654 -13.41300227290088 -69.41676586149306 -7.741789355137594 -13.710488970872152 -66.39797443742057 -7.696190154151202 
9.273699590339007 69.83862867744472 17.730671371270535 4.645945877960087 19.25236629519101 14.541562382053622 -5.942732281240329 -289.8720636655578 13.56903251240333 -3.3326182797996533 194.03265418112073 -22.34457035208066 -12.059329334355256 -202.7663591829438 -1.0478760574140706 4.183186902257855 -1136.6752326479714 102.5531465282962 -11.523107908887857 -109.77204364076482 -3.694940449784554 -9.290507155225697 -124.72011677147327 2.2446390083426078 -11.903037751965654 -90.38411042605932 -7.970710312323158 -10.260460944102956 -91.24828262608732 -4.009969857467784 -12.551447758524432 -75.22072528975077 -7.324481473905411 -11.301261364998897 -74.69963137418108 -5.343458943711719 
8.741626221192986 69.49835736911653 17.24346548195 5.744128089481543 27.398777217063117 22.06288705858593 -4.83314651156398 -305.37799269924534 15.446075766867505 3.957441654180719 308.24963404956486 -0.24535533198349896 -10.941468913602085 -205.00474360967686 -1.8065863475706256 -3.2615555957628364 -580.3739708940311 30.050154799730556 -11.385303050634562 -108.71960383252726 -3.2572000457882955 -9.482224330466103 -148.85648285382857 0.21397627049218299 -11.804123804926515 -109.83646274812746 -11.557601689937158 -9.619580256673457 -124.49693684432008 -9.920638834739465 -11.817500692323451 -82.33933033368915 -7.992427188608577 -9.55222698304728 -89.7858049233247 -6.297219660190865 
7.168209739886655 61.186281883572015 14.923687724271318 5.678524019361164 33.81857819464434 29.003497667179158 17.687204427147524 -590.2101165557463 64.18122982516508 6.260247458400287 1067.1701199005072 9.336185079206823 -11.77132195647674 -220.28462098220677 -5.9267161197755085 -13.955310161654257 -572.0367065986572 -34.437870572959596 -10.165744905736975 -115.38443011926557 -1.5560756707273597 -8.95720555178239 -159.2052837591087 -2.4533214695300254 -11.85293267961635 -98.90877541535255 -8.629627730440086 -9.335830774472237 -112.03164057582761 -7.449017030306709 -12.39968383195475 -78.39721573983417 -7.668687000397918 -9.854073978128497 -85.09928633830249 -5.761836605851289 
6.810878598499125 45.98823918769292 15.489132852294343 6.045697563346858 42.382797040895305 36.5138868365975 -31.764129478342184 292.38075391542856 -66.42045223060083 17.451281267794265 2330.56454474029 306.96736471064395 -9.192622150212928 -221.67017078963653 2.407326303515069 -21.63049551691015 -932.1896274860454 -101.79824800075339 -9.564747028680594 -124.83734866148043 0.15436943695269692 -8.634325505194331 -165.9939941404934 -4.15586809799623 -11.471243285271918 -97.17483054223474 -8.279417696460726 -9.139986128904864 -110.76253874464008 -7.208418073531382 -12.539588092754848 -76.93469994451374 -7.559080912590097 -10.11115791833698 -82.40641778110074 -5.604263834822604 
6.306798825067624 32.90976595419618 15.957180287479057 5.35695593198832 37.97511984666649 38.09856418717731 -16.250112106568483 75.98420917085042 -28.186195480877092 0.9685197253833254 146.6240219216007 67.94534459700165 -9.875044935422432 -295.62039696625595 8.084232813854399 6.406675584636877 693.5243530721506 223.77959424249227 -10.124314103536507 -150.26246420419636 0.9095756683277149 -8.856264166210565 -185.43934538796535 -6.421685686727531 -11.193762220220385 -100.423165672062 -8.159047745165454 -8.390063649255639 -120.77468902784996 -10.00044079534063 -12.192883167334813 -77.36820369711508 -7.24514084041004 -10.111111205851465 -83.93964255309061 -5.829820750664174 
6.354430942100046 21.891192182954196 17.25258681013133 4.470226924626104 39.166900290223666 38.90178609291299 -11.032615330116423 56.44795042813953 -20.551547033740746 -0.8169642212691266 134.64065169154748 67.68998774137994 -8.806287582838504 -392.7870391156699 21.011536316084108 13.02189265324614 354.7526911008702 187.81380969173088 -9.893958210404923 -157.2541868282946 1.1160857841179472 -8.711115913630774 -188.2055400376314 -7.95312882787723 -11.065792382930665 -93.53949780759926 -6.889766642774401 -8.473432598120397 -108.02905738337569 -6.424035430766859 -12.140355967664386 -76.28613448004837 -7.0222744618689195 -9.77442521523786 -83.70203635428922 -5.751887711688132 
6.156269364827619 19.23107282459945 17.441817600328537 3.7022006300928334 52.176527207853 40.5782439241808 -9.024881646948694 48.15230793318001 -17.869759088786697 5.107097396901513 334.3901024097046 108.39953594797329 -7.5387235872618215 -377.85789331792813 25.275790407795206 -3.6579790344536 214.32723214135615 107.85173463369425 -9.54384758065747 -154.96949262855944 0.9493672820822531 -8.414714476511392 -181.4178868153416 -7.480674139822953 -10.9062041026288 -90.12033333775268 -6.472588069752882 -8.418243361673087 -99.5156046624128 -4.811722192054121 -12.171290312992468 -74.52254951998718 -6.825465097644126 -9.784338308503413 -82.3025616635115 -5.494396662273211 
6.328586223751853 15.074224490747548 18.355333296612134 4.35504186416574 61.947286391872986 42.52278676676059 -6.414482830228793 41.23216099002961 -13.66347687143 38.03922328322003 1603.4010575245277 355.9960964785378 -5.090878569687776 -435.31599076688457 36.5330711731099 -3.169798423829926 350.08949676803906 144.92723652061005 -9.332421150131873 -154.57086546771927 1.211213365245889 -8.172261692796079 -176.66178864620284 -6.953893996162548 -10.904458850586154 -88.96029914364952 -6.200427596849384 -8.450581447667304 -96.91963477934291 -4.360700690060196 -12.189708499644981 -74.04340177099986 -6.838690761232432 -9.983723136186335 -79.70130683972005 -5.191843971911223 
6.50714740953851 13.223945628792874 18.79534917085796 4.269653688096928 62.98953526298827 42.58092606577231 -5.905290183000014 35.86632606951587 -12.43377554275755 87.54655433860246 3709.286509932001 754.7729543883557 -5.196438728403503 -495.91696898054266 42.99878338236015 -0.42993193309109357 424.6099461997553 158.63878704184475 -9.211241720981286 -152.91422979313407 1.4817607378520763 -8.312959649452791 -176.23736459903515 -7.005219387645951 -11.018924303166521 -85.10015177234057 -5.719991535461501 -8.519852814404855 -94.69287477981568 -4.012878814851873 -12.388066499621806 -72.70342728968413 -6.897317177833872 -10.011445155488854 -79.06281371948528 -5.086437208497993 
6.621218900625935 12.35475612523162 18.834219179816753 4.182612831070162 60.81814643369876 41.66694217111597 -6.735815053224083 35.86428158481779 -13.640155809829603 87.07623831485756 3630.6404982853705 733.391010869134 -4.660164074302257 -558.2177196886536 50.4536710345448 2.6563980685755064 457.4779377736895 172.57230892612233 -9.167351937306925 -153.91327309563243 1.7672396437955555 -8.185412115022222 -173.60493763430458 -5.863786770900539 -11.058207237917198 -84.90090313298545 -5.580623380256543 -8.626956596600849 -94.32913714782427 -3.6831843599554466 -12.4353074279807 -72.6011300020911 -6.917641822563152 -10.179602896273613 -78.42029692849964 -4.966746993545125 
6.657052775173227 13.17609584939364 18.709881570432355 4.07880022747718 57.696942090505765 39.80869874046175 -7.737466215273094 38.85778213783091 -15.45678656080235 40.39493426871392 1712.6880991473158 355.98725772371284 -3.3951376646873563 -533.7556211033199 50.627302332346595 3.7021086224055266 505.86906554705075 189.6277780607025 -9.173821036609633 -153.35380582986687 1.8535237812806138 -8.20576755272339 -173.56049467914318 -5.891893534780603 -11.059411027810405 -85.84727779416602 -5.663269086918678 -8.568007769407357 -95.59966339126905 -3.786367980960579 -12.502210185501111 -72.80037750225208 -6.989109271295748 -10.201026431078073 -78.56037539185064 -4.999029418473838 
6.5757122463389726 13.682756817425222 18.354634184851996 4.214672510348169 59.4539748609949 40.40240580470623 -8.311449950656685 39.83401494596348 -16.462880827963513 43.13605369986382 1835.4270098641725 382.072193944617 -2.2032131758683478 -512.3519864200349 50.90066522392477 2.191590489018527 513.2624223424855 195.0224335474692 -9.09911397709733 -151.5908986279475 2.0274144384176114 -8.106736706508888 -169.65461699200952 -4.975439359816563 -11.166394450387013 -84.11412191000953 -5.460776361317634 -8.619379414306119 -94.22877626308073 -3.5810899149897417 -12.450108036257971 -72.7598922762026 -6.846716206754773 -10.197372199787551 -78.73893322693574 -4.991086572039003 
6.292709911267094 14.171537295222564 17.45429535374449 4.369791558803998 60.7728610086051 40.38828363903731 -8.945885761847606 37.73911510447067 -17.17125453434459 40.831894078188995 1695.4016279816205 362.3565843431062 -2.0447264636636984 -477.57828907231294 48.75558904436615 2.159963228624398 505.65816298900245 191.6005360293852 -9.071081604184904 -150.30923044381524 1.99024042150841 -7.969019659575998 -165.06202656923276 -4.326648371321757 -11.192237524716237 -84.06420174312888 -5.528226781822927 -8.564123041930808 -94.32715681586852 -3.55563086822443 -12.358794608216376 -72.49225875609655 -6.755748535104014 -10.177446532201344 -78.75913039001543 -4.925679261532662 
5.981132162490644 13.494832412236791 16.335151100066117 4.73369039118858 59.70406139008376 40.00666804346652 -9.40126429760876 23.64368531259532 -16.415989852833793 39.54147457215049 1604.9822414946373 351.0519242490682 -0.6553839427641409 -541.9695772817063 59.582877583222334 9.241378909423196 1066.3674808288665 348.0126144711212 -9.151041610199368 -151.4723758590602 1.901363539031226 -8.07803255032535 -168.02156942141525 -4.783676364598238 -11.307530742462097 -85.52552500813346 -5.811877684078192 -8.413819426811234 -98.00093949727983 -4.313041744317027 -12.387019882201976 -73.0606378270482 -6.865209187098075 -9.942162083045583 -80.1965910308218 -5.011434150941732 
5.478576300870781 10.259795602608875 13.664473354139758 4.9026030535380185 56.920062378802484 38.18108397060526 -9.724692296149883 11.249899156937394 -15.146393689679657 257.17777524066906 10510.083676389722 2282.7386669456073 16.875641459717407 -582.875967763356 91.9961830602375 6.07086672420428 452.54128378683146 120.9368417553603 -9.521210743667105 -152.66456039114925 2.983682860999958 -8.466293362089024 -178.47081560485955 -5.572481989608932 -11.321463521917448 -95.2759795734225 -6.925098475921801 -8.273192943615225 -108.71598468682272 -6.542326365935171 -12.2061684486698 -75.17293539572539 -6.9892653012788015 -9.541914986096355 -83.70474004484052 -5.521801156055158 
4.794327362530769 8.386147611847042 10.939465774990918 6.690995346640684 62.18470306123652 40.1397341605343 -9.732034435659676 5.425373494680819 -14.619610607026525 -20.20607401715986 -922.3086878603168 -152.6116170831048 28.914301115181775 -586.0644168037442 110.35213274659473 6.8935672934666 230.88220678753362 61.92528864688472 -9.968218055382708 -150.66693895990684 3.3348066284841043 -8.594951171126105 -180.85442303684133 -5.367041615561257 -11.600808330463945 -104.14106934764153 -8.127053370877306 -8.53058721661411 -110.56341637938826 -7.09077055654831 -12.328250228317437 -75.5644751731308 -7.025842667369702 -9.7502279653297 -82.5157264097365 -5.31393696981519 
3.6078247877377394 6.5921507177348895 7.808783506676287 7.441609782806512 52.92144230082666 36.623404719930925 -10.598412507509883 6.8509617026109355 -15.456627284958033 80.2280318519848 3045.715621743605 499.55494553143114 -33.8813687506621 125.10766715496658 -53.18692777338536 -10.862173780054722 -304.44200709828397 -28.556242686763436 -10.606034611403462 -150.33456869510013 2.737301918678638 -9.716329053119656 -194.00889816770703 -6.625645003796441 -11.842789286587925 -105.86742020270151 -8.711652962857391 -9.006330494107296 -112.59941229389078 -7.777881875574387 -12.025387459919573 -79.18978830277574 -7.3413644764026795 -9.881288838222817 -82.72330767933248 -5.37014885027908 
1.7079636141527625 5.771305821065647 3.61294156008926 7.2374602591316 43.58187602906186 31.261188460452594 -13.308074672628317 15.61877931764266 -19.9680079510607 38.9966890777523 1307.674228864951 179.3630858433917 -24.23325218495725 28.705950985417928 -31.211947325255778 -9.405483481714308 -236.43107578937682 -13.888673674864014 -10.642853983292358 -134.8749424470154 2.658979787564933 -9.84363113891188 -188.2814332440526 -4.01890222703982 -11.913887875501258 -100.25099336715779 -8.01227902309832 -9.194632342029985 -110.22859543025397 -7.493621487059008 -12.311769435862514 -77.81099040302783 -7.292143666390818 -10.053919520080342 -81.99881250934543 -5.273299975946686 
-1.5886737454817237 8.784448143637249 -2.8453602680052037 7.183734382083629 40.05625753504094 27.642913587146932 -25.900299648191176 66.22102197508457 -43.59396344657313 29.33272897498946 945.5504950597647 102.61223913104189 -31.193682400042004 110.98863751206183 -48.20662679109357 -9.08522981020479 -209.24111216022683 -9.252856675466177 -11.107808739386677 -116.25204376143549 1.7009136989834892 -9.966741890537637 -182.6139494975058 0.5337390417613888 -13.54839971679771 -77.30599397881335 -6.796464297385955 -9.876695376583648 -103.0949198133927 -5.868689493668098 -13.590593375332737 -69.47091234188615 -7.495723851555316 -10.278290931890805 -80.52146178723264 -5.211736760600278 
-3.146719518484395 6.976120846388389 -5.153534909010242 7.309311235103131 40.22773289463424 26.47021829916591 -30.397450215780047 109.15919571565168 -56.598987074642814 33.40225785687892 1053.1151271792205 108.37003583203278 -49.94103045254501 125.9136194419852 -71.89356310248014 -8.371982213336953 -189.1531508258931 -5.742126727264964 -11.479328137680305 -111.05578809947596 0.7606998847133594 -10.087806541231458 -180.03603252888414 0.1495851613137309 -13.180673029311663 -84.36910577749813 -6.90491686085346 -9.920463793206855 -102.13961598102323 -5.902512119255999 -13.315497450462102 -71.67929879356254 -7.4821662256308 -10.371929345233028 -79.70765231383317 -5.197667733291822 
-3.5058955503920584 5.223583052478465 -5.620361701481246 7.093597865251619 37.729385909772745 25.13034647747736 -32.409386008955984 112.77854412882512 -59.67659558151811 20.84633917385111 575.8317334985406 79.34567720489707 -41.69877956992584 124.88441779409156 -61.64490610382226 -9.038967960934759 -204.67260123379899 -7.7495530171008475 -11.519090210183546 -110.87434245984491 0.6790425454707507 -10.004899091102198 -179.28803648133686 -0.06929117256005007 -13.22379918049893 -86.13481037014391 -7.084014075097596 -9.917942256360414 -101.15927532051035 -5.827440433490311 -13.33839197152203 -71.79786395344075 -7.5883906494723075 -10.349915930281291 -79.75652843347304 -5.22497618877257 
-3.4700430760548633 5.733613098186599 -5.589971457734503 6.96309477791044 36.27029980736906 24.842869096347336 -26.865216455388047 74.32298756246153 -46.68879815564196 18.28120364916615 501.7037702124576 70.60844399432423 -59.51410625773388 171.23867974182843 -87.36283428442422 -9.555722596439832 -218.4092160749602 -6.97442915803881 -11.530972367144622 -109.94722750557686 0.627816693765625 -10.004899091102198 -179.28803648133686 -0.06929117256005007 -13.132477804692444 -86.55204675534489 -7.06200913861637 -10.096815466080754 -99.33010164846725 -5.5163106592859465 -13.479541958829575 -70.14543663739431 -7.61501844940026 -10.503521608016278 -78.34845318974327 -5.107412201571856 
-3.525111232759345 9.12741845174674 -5.861083690215876 7.07523370528578 38.05615932982336 25.60566326975714 -26.904740763296758 77.11879488079816 -46.98698011839836 17.368426862587135 474.32804991210634 70.29765495602533 -62.268461156886666 196.02251284406702 -93.33608910511948 -10.436071851612198 -238.48105142789908 -9.031651680919143 -11.642273905194724 -111.19323967315006 0.4576955156898724 -10.09139441324717 -179.0873828279932 -0.25151305188702894 -13.500998757850015 -80.59813699478678 -6.9586862190318195 -10.148831130293825 -98.50417724032962 -5.405708684236109 -13.52164239547616 -69.43381693660989 -7.601694174032296 -10.520382382898397 -78.3236328341646 -5.127655886500732 
-3.1102652056205677 10.292791138307605 -5.285809626552202 7.328890018410666 38.22590548020978 26.539129668066646 -21.976720180570677 31.19939089388163 -33.03910276841258 14.906436991175093 403.1938743491402 64.98320623506041 -98.91977743491353 401.21698836289386 -171.1688614896564 -10.18431106956936 -239.26271494077432 -9.098785273637336 -11.560397687057137 -110.79905114817521 0.5289065296055336 -9.910157777925084 -175.82982990682203 -0.21479173661381315 -13.391350641747586 -78.19943655446372 -6.8761870275731605 -10.176323128051678 -95.77073185111566 -5.141554918638027 -13.484207315406062 -69.28176080232996 -7.575884229476563 -10.467309099359607 -78.5810727226837 -5.148209290162722 
-2.6664514510421617 11.26905345052527 -4.6034958529263035 7.298350416958838 37.63432611676297 27.026959163034007 -18.125440445421592 -1.2127577941760164 -22.740860298332688 10.648799920292934 286.7317680372407 57.58046085250523 13.154114051354194 -222.92663565336898 49.58235237818878 -10.468569897652548 -253.66411441836163 -12.150414046715825 -11.282913976154726 -112.20285965916112 0.9415217283025626 -10.05541443616719 -181.16668918332948 -2.002818842449969 -12.784340571938293 -89.59275087612733 -7.293458256297315 -9.74557720287514 -104.03462075009817 -6.782818079859051 -12.98516485664224 -76.07077101093262 -7.651805266237058 -10.15388130248544 -83.41065557948677 -5.574005393081793 
-2.5047711476049312 12.06886467371991 -4.333705301212731 7.4008145589409775 38.54909796348422 27.8307187911671 -15.987182730116821 -2.8215364510540666 -20.552223657167115 8.465191694652288 200.78126017355925 61.16161423487531 5.630388912885619 -157.91834104768782 31.92023468001553 -12.660553415785582 -330.07943682545607 -20.90457069091861 -11.162053312769933 -116.9227818738913 1.2544448881268209 -10.25517299836091 -185.2717224747493 -3.891430015262196 -12.734691629987099 -89.62401050454312 -7.298374051097941 -9.67720348440046 -101.3708186153972 -6.523753245726313 -12.937622974897025 -75.30285845184362 -7.5506422618652245 -10.123434922995639 -82.3082256111218 -5.473667986116299 
-1.7638922177588863 10.333913573400551 -3.115268283488924 8.169794037538729 42.24326976478589 30.956487162130422 -14.962558142358882 -1.8827925999473643 -19.59801410860958 8.901907175347235 237.48978956910958 74.8696143054624 -6.9263071908800935 -103.4007445255506 8.073477139984458 -19.634742733875044 -534.3466063317248 -43.0460486236578 -11.094871156932173 -124.0642834629415 1.4148613144044841 -10.293636332272955 -188.72926872688055 -5.40950943058423 -12.600096910770224 -95.16012360256319 -8.101409188119819 -9.649270460524045 -101.16378704675222 -6.362330180411731 -12.842159753788694 -76.37073750594307 -7.702201650445521 -10.310862149614108 -79.4932351190733 -5.189996807942168 
-1.1179733976335091 12.38704331326517 -2.061245707816363 8.445733962892701 45.11488586621161 32.51012913046741 -14.624186701565314 -0.6289853154065943 -19.38197420924225 8.133045854911197 251.3503691968536 73.62500489499412 -6.5627003238838215 -110.6498527780313 9.595835050448999 -18.715524048443655 -508.22772693583056 -41.558498753046734 -10.908201689104422 -128.0747034246277 1.6406782240653015 -10.221684559023267 -189.75204545517596 -5.6895859985198936 -12.449586000848265 -101.27976434593558 -8.991537584302197 -9.45242457316127 -104.63104893149395 -6.579721836288807 -12.584437220833658 -79.34850700738126 -7.911027435703393 -10.259532632672084 -79.70512680438279 -5.10485747538771 
-0.7203822799418099 12.440642300666426 -1.3594152144730427 8.535180776068824 45.53473944250933 32.85426638920462 -13.835683384239257 -1.131277017058027 -18.46447271863995 8.48958230900263 245.34901297820196 73.05705442506594 -6.887987652233612 -109.22416511596181 9.017200852919093 -21.276759318082327 -582.8869478833557 -49.901511663110334 -10.910823977860229 -128.9122141425349 1.62086131630297 -10.10104418780759 -188.08127696346264 -5.651601178764982 -12.62174526290316 -97.53528033381592 -8.326538690060545 -9.399690297102374 -104.54887116333491 -6.375569410419448 -12.61354184489501 -77.7550775289597 -7.677845443493623 -10.257513680117977 -79.64172911449148 -5.100004618957941 
-0.8463814861709296 12.155369633794473 -1.5772045941559913 8.875426838138676 46.229937742541374 33.13698427798617 -13.240364641941607 -1.7934271570597524 -17.950635301526106 9.954342014885894 277.2047952988375 82.68886663050779 -10.036563439399778 -85.52883784959091 1.792164493351555 -20.732802984354358 -548.4078433389269 -47.52500621040452 -11.009329488457537 -127.65167524091909 1.4335700476896478 -10.306346392110312 -190.29997384809633 -6.191771234902843 -12.959145785782892 -102.04124591429493 -8.936773220700054 -9.370652695963003 -111.73192698228625 -7.939160880827948 -12.3894109781546 -80.88618449403468 -7.711691139110556 -10.05331653518589 -82.47696634900781 -5.392955522930475 
-2.0118993345335654 9.221153591761 -3.4949096845498646 8.53441761783718 48.08499239598777 30.730714188602903 -13.736688175247725 -5.922000118632974 -17.462021304272778 14.12254877561726 308.7081722476078 90.28029312608999 -15.012764858091373 -55.65185450711545 -9.053065350278166 -12.134011472584556 -281.15509365559666 -17.149740954887914 -11.997302652243384 -110.12600319939204 -0.664347326473153 -10.586331026501231 -175.96669396475028 -3.88910830028312 -13.412165343126565 -76.06535308638544 -7.026841326142707 -9.518906397985763 -103.96691407122957 -7.099158188070283 -13.340039600911997 -70.43327557892732 -7.430815450785649 -10.10136960277468 -81.2390873843165 -5.329953564608272 
-3.0187496598613452 6.169813493226128 -4.933066667486911 8.544754743770543 55.41036168494494 27.12118588404749 -22.76554311907614 55.204113479698115 -41.61765709878653 83.41387310051846 1748.2436305643078 280.6620437944117 -15.262285541347099 -50.192149206884295 -10.80100282017584 -9.532111291288572 -171.2147386591756 -8.161115347684813 -13.245512977683205 -92.94025450206247 -3.4470416724842865 -11.325941432387568 -157.32788188424857 -2.8145948793449453 -14.067749413401145 -69.64747836474425 -7.710057764117541 -10.547162372853316 -96.47730840904278 -6.404078372090304 -13.737454886555309 -67.25495413095173 -7.778511172763398 -10.148177391875278 -80.95573970828968 -5.419969953794202 
-3.3525493066887777 2.034087327249113 -5.119423099089363 8.727840308452185 62.61586328810975 25.04473940108361 -2.292359537713755 -144.99085903086547 24.23121869948997 -18.449844245384075 -543.0636457851256 -25.756112779207594 -15.558084618851433 -49.994034847030335 -11.20309076553273 -9.94358978827205 -151.96218630751684 -6.894636234294382 -13.419448747672277 -85.95303982349863 -4.124236202483809 -11.376208435051085 -146.9655725829705 -1.9409158259866401 -13.794529572629502 -70.81328771314269 -7.367748348110504 -12.13429453656563 -85.0377105501115 -6.313423075890587 -12.586366131305171 -69.30698165951112 -6.587355060684899 -10.886878371209015 -76.75264230375011 -5.352291400215084 
-3.4961668269014594 -0.8088068532304503 -5.3984107947629685 9.177730458712816 62.77458696957949 24.160514101554373 -17.80749600994531 -6.500654991042349 -22.162439207806628 -39.4959898968566 -1016.430262436318 -69.91299575915934 -19.076275032896795 -37.89861617814174 -16.75679909182518 -11.140312833819046 -161.971252330253 -7.261287497631961 -13.569612099690813 -81.00859243611556 -4.703398785262282 -11.420697482594717 -142.79706948230228 -1.516938519989492 -14.127590963514224 -70.36105491156376 -7.729340069535506 -12.443963687176847 -90.0793560487047 -7.449315319537035 -13.250284573114165 -68.61380286014519 -7.316931330800066 -11.99816586223742 -79.92775881816303 -7.422716442704771 
-4.363535047632661 0.058258693471470384 -6.488182009173094 9.994485551903747 79.48240808935809 24.820789635672565 -18.423243189228874 -5.594134360867691 -23.062226934857655 -16.8464784045334 -460.52828331456806 -24.50072799807322 -23.091909738799625 -24.88205222307194 -23.882915253323098 -10.31534096408208 -147.0838293420767 -5.434058267861484 -13.61638158990933 -81.40516216188938 -4.782728368523225 -11.809891622566425 -142.18207172238547 -2.5442776544118777 -14.263463369774882 -70.87296989430845 -7.868603465813668 -12.898087444048738 -98.12314012563294 -8.905603029718925 -13.511967985631124 -67.93124802529324 -7.568661875582515 -12.20722056879784 -82.73097497546715 -8.045954630901498 
-5.450930408521884 2.7627385861538447 -7.965570725614602 10.937124853642116 105.05629597845211 25.648792064471948 -19.911895120458908 -5.214401068502081 -24.03859433214265 -7.558794484408121 -229.47306265158275 -4.577557759956823 -24.66553332568779 -21.452579100439173 -25.850596499523817 -10.059062313039245 -129.67769667176302 -4.800838115671533 -13.849783726827324 -79.69231994039565 -5.345790347939756 -12.154350908209254 -132.08896167380328 -4.144377929584219 -14.513913145147605 -71.07104129731142 -8.088704754318067 -13.09728060537812 -102.52688607365232 -9.978318765092299 -13.747140134261224 -67.65414020482706 -7.792178172358867 -12.188213229686376 -81.19784082885523 -7.891184091153515 
-6.2292263594960655 5.047158919572985 -9.086319090851033 12.116794953614706 122.44349591366526 27.217186263959707 -19.453843958233538 -10.578812354260002 -22.459286110577082 -8.952143435683684 -214.7343881673468 -7.425532624121197 -22.323703418187907 -29.012554614168117 -21.577628551159123 -13.389557737992568 -158.9965342988573 -10.144165305229532 -13.91898210541483 -79.03804681541102 -5.577940110447379 -12.312442794207474 -123.19658527289369 -4.967464277848058 -14.739996214017014 -70.30182673095403 -8.282895462996867 -13.325443431578964 -105.8783961968978 -10.406877727823685 -13.795109767478328 -67.49899694402106 -7.824467682937415 -12.10772578093883 -80.70058941141035 -7.721939853670416 
-7.063785804721809 6.426849537350991 -10.17888118261936 13.450198029872384 162.22641401211305 27.58848448788737 -19.742821365587723 -9.624364112191227 -22.93729511918323 -8.04711286695062 -186.4023322696498 -4.910980290303926 -22.741916909922345 -27.7872004985894 -22.308932108217096 -11.805337801358917 -132.09878192485593 -8.03626209189224 -14.353635943581565 -76.28500682315872 -6.455497521999647 -12.254990248222219 -118.27924521757414 -5.038163214333946 -15.025334136424926 -68.07995486285637 -8.668429751422776 -13.582464159099809 -104.68916201126127 -10.528434457622815 -13.864904186263844 -66.47903927194275 -7.901572062192833 -12.351884819530031 -79.7302654871338 -7.836985693705728 
-8.077402145623976 5.4883363388758 -11.044601252684478 15.666825936962985 193.6326444888592 29.32251612129941 -21.15580005348455 -4.596279411946377 -25.304612339976376 -8.944047220465121 -188.52873952477483 -6.3474731330878615 -25.740602512916183 -18.527446151790816 -27.748453296499402 -12.634589583206736 -134.29562771388584 -9.339604677326781 -15.056125417891304 -70.5059825487158 -7.745065509861105 -12.70587822947912 -109.93576698652294 -5.33447723895517 -15.354303755697165 -63.99092549653738 -9.194571336447519 -12.767037997562763 -89.32699245577435 -8.235518218646627 -13.945619900119148 -64.48277939599853 -8.038084365495786 -12.615547474861813 -75.82428350281606 -7.538397748823294 
-8.808711299539905 1.5339879370572378 -11.392927184428393 12.618289737410114 147.91345716825913 22.998435931544265 -21.503567386305495 -8.773579714164534 -24.00038889316173 -12.299530218167453 -221.3576239970849 -7.7694961824460655 -26.593514825862968 -16.13440942036565 -29.408009075537652 -14.952437671469475 -134.92523914692399 -10.57703886356408 -16.60969430868193 -61.28833073912454 -10.198456879772207 -12.744658874341988 -100.68898651782406 -4.802152946186984 -16.558789952477362 -60.40391061676197 -10.508865356019736 -13.22858283926525 -79.82591349117153 -7.436383152154496 -14.807280992494881 -62.38966563177584 -8.872017246437304 -12.902203934671697 -71.26168616990248 -7.137893860768823 
